 1 0.347864768683   0.725978647687   0.818505338078
 2 0.343416370107   0.722419928826   0.858540925267
 3 0.392348754448   0.738434163701   0.861209964413
 4 0.347864768683   0.734875444840   0.870996441281
 5 0.340747330961   0.747330960854   0.879003558719
 6 0.353202846975   0.725088967972   0.891459074733
 7 0.344306049822   0.752669039146   0.899466192171
 8 0.467971530249   0.739323843416   0.879003558719
 9 0.339857651246   0.749110320285   0.871886120996
 10 0.376334519573   0.738434163701   0.881672597865




















