1 0.343416370107   0.708185053381  0.841637010676
2 0.299822064057   0.708185053381  0.841637010676
3 0.258007117438   0.782028469751  0.852313167260
4 0.464412811388   0.810498220641  0.900355871886
5 0.642348754448   0.842526690391  0.907473309609
6 0.615658362989   0.850533807829  0.927046263345
7 0.568505338078   0.863879003559  0.938612099644
8 0.705516014235   0.887010676157  0.947508896797
9 0.682384341637   0.878113879004  0.945729537367
10 0.705516014235   0.891459074733  0.954626334520




















