1 112.595373635452 202 50
2 91.489307329417 210 42
3 87.302924264931 216 36
4 85.323130023017 215 37
5 84.175847570032 216 36
6 83.438438354817 216 36
7 82.932031499344 216 36
8 82.567605209463 216 36
9 82.296106430912 215 37
10 82.088451582738 215 37
11 81.926378940318 215 37
12 81.797868872001 215 37
13 81.694691220211 215 37
14 81.611019253312 215 37
15 81.542610044514 215 37
16 81.486300174102 215 37
17 81.439684193497 215 37
18 81.400902873843 215 37
19 81.368499580671 214 38
20 81.341320213360 214 38
0.885303329253 1 1
0.402055270437 0 0
0.018917302575 0 0
0.013458204623 0 1
0.167894044272 0 0
0.996574230480 1 1
0.166874264524 0 0
0.250900673483 0 0
0.982376566604 1 1
0.946153288587 1 0
0.586792554461 1 1
0.843534839393 1 1
0.035276408571 0 0
0.592220001279 1 0
0.082147339690 0 0
0.020826929671 0 0
0.570200150479 1 0
0.134665620529 0 0
0.037744134017 0 1
0.927388752288 1 1
0.914868684470 1 1
0.470757942125 0 0
0.954101088336 1 1
0.973319862156 1 1
0.997364344712 1 1
0.215343461182 0 0
0.117132705183 0 0
0.294210681814 0 1
0.986964721723 1 1
0.997783228508 1 1
0.531701765881 1 0
0.920501056631 1 1
0.253259346550 0 0
0.016628482329 0 0
0.013643147314 0 0
0.976369266783 1 1
0.111080171806 0 0
0.032136041859 0 0
0.035956541185 0 0
0.997549723701 1 1
0.791277600859 1 1
0.031589907119 0 0
0.013918148885 0 0
0.025771304693 0 0
0.996839354757 1 1
38 7
0.829268292683
