1 7537.259027573778 12735 3432
2 7443.513401432139 12776 3391
3 7442.668615133984 12778 3389
4 7442.498097530640 12773 3394
5 7442.460878243026 12771 3396
6 7442.458136316844 12776 3391
7 7442.462814462896 12778 3389
8 7442.467651319040 12779 3388
9 7442.471181009520 12779 3388
10 7442.473476951537 12779 3388
0.459759753109 0 1
0.326181174295 0 0
0.180567476663 0 0
0.517320339086 1 1
0.109316841920 0 0
0.615363178245 1 1
0.197760275102 0 0
0.379613188073 0 0
0.065895886247 0 0
0.106294037585 0 0
0.143129073761 0 0
0.194331449262 0 0
0.431895946995 0 1
0.200488543652 0 0
0.555785432634 1 1
0.199515764873 0 0
0.569412456154 1 1
0.726303978311 1 0
0.104982047611 0 0
0.677764966108 1 1
0.123556193161 0 0
0.443524952754 0 1
0.789326957751 1 1
0.087414627071 0 0
0.365372548395 0 0
0.793503644111 1 1
0.332593542655 0 0
0.349658284169 0 0
0.366157593811 0 1
0.305283827599 0 0
0.969674204991 1 1
0.112111346967 0 0
0.308264152002 0 0
0.288333512361 0 0
0.322889936786 0 1
0.138121405163 0 0
0.063684861744 0 0
0.327123222695 0 1
0.046932201195 0 0
0.206057521369 0 0
0.052046789359 0 0
0.079324891580 0 0
0.390822814872 0 0
0.528784692127 1 1
0.292755010214 0 1
0.178716555252 0 0
0.934384758330 1 1
0.133643409404 0 0
0.122635524549 0 0
0.716928768887 1 1
0.687951777178 1 1
0.088682748613 0 0
0.436440420335 0 1
0.260581042103 0 1
0.555796179005 1 1
0.075911930608 0 0
0.793572414949 1 1
0.220336643862 0 0
0.734569648108 1 1
0.227033719352 0 0
0.095092019821 0 0
0.068533718812 0 1
0.139617846690 0 1
0.073290277269 0 0
0.139598357257 0 0
0.368055082325 0 1
0.452871560896 0 0
0.145060745974 0 0
0.196141318071 0 0
0.154208117931 0 0
0.169159691868 0 0
0.145232790062 0 0
0.087401210085 0 0
0.117242275255 0 0
0.525929143027 1 1
0.290411069756 0 0
0.528648418129 1 0
0.991547727027 1 1
0.096218381394 0 0
0.114486916705 0 0
0.563869282113 1 1
0.181045853603 0 1
0.935728411411 1 1
0.083126508278 0 1
0.709609181946 1 1
0.192209455756 0 0
0.406122164234 0 1
0.084271102447 0 0
0.180455024842 0 1
0.145398915100 0 0
0.913332322305 1 1
0.413566920376 0 0
0.896962191192 1 1
0.829223855021 1 1
0.082300254986 0 0
0.092904705694 0 1
0.867757723447 1 1
0.096649188979 0 0
0.294295435054 0 0
0.278408247322 0 0
0.129748954014 0 0
0.069052838631 0 0
0.183556354429 0 0
0.987857108419 1 1
0.068339496704 0 0
0.279436876316 0 0
0.176180208656 0 0
0.061482686564 0 0
0.124049013323 0 0
0.977913413487 1 1
0.560174442982 1 0
0.147777039447 0 0
0.438530098612 0 1
0.986098715063 1 1
0.145274347810 0 0
0.401391045762 0 1
0.172058935962 0 0
0.433469372914 0 0
0.196979920507 0 0
0.133022009926 0 0
0.110208205376 0 0
0.119275336785 0 1
0.690342197336 1 0
0.234425861968 0 1
0.397356951869 0 1
0.932373834078 1 1
0.173971631029 0 1
0.924491777501 1 1
0.182336128033 0 1
0.065304251641 0 0
0.136132623176 0 0
0.170099074862 0 0
0.133449566850 0 0
0.203398424670 0 1
0.292503301000 0 0
0.584528535462 1 1
0.210637538507 0 1
0.161641488242 0 0
0.108591088056 0 1
0.079581930704 0 0
0.173918437198 0 0
0.346287885324 0 0
0.079550778146 0 0
0.085476106710 0 0
0.308122674859 0 1
0.173958698988 0 0
0.649861259819 1 1
0.067779803966 0 0
0.996123349808 1 1
0.119000282648 0 0
0.141406018707 0 0
0.696469397874 1 0
0.209894584913 0 0
0.624608129964 1 1
0.132116141207 0 0
0.269910986995 0 1
0.239799007737 0 0
0.254260012672 0 0
0.140845766132 0 0
0.066057109007 0 0
0.114064115633 0 0
0.146579007019 0 0
0.222229996960 0 0
0.245218066229 0 0
0.338782084464 0 1
0.110921471190 0 0
0.065661643214 0 0
0.254285108028 0 0
0.758170287388 1 1
0.189365368727 0 0
0.085917640818 0 0
0.484222133664 0 0
0.727411209564 1 0
0.286398020335 0 0
0.114168647068 0 0
0.063793718914 0 0
0.271143275359 0 1
0.552656307690 1 1
0.239515122412 0 0
0.071469989567 0 0
0.072753276886 0 0
0.584798861908 1 1
0.137919351923 0 0
0.084469031553 0 0
0.275833645630 0 0
0.167270609024 0 0
0.129679379146 0 0
0.167366839464 0 0
0.326522700453 0 1
0.388490343490 0 0
0.852946581129 1 1
0.401613696277 0 0
0.873644050783 1 1
0.132255932547 0 0
0.181280362904 0 0
0.138155715557 0 0
0.118664814607 0 0
0.227233204651 0 0
0.105606482359 0 1
0.637675712912 1 1
0.797347482624 1 1
0.153221105777 0 0
0.127740281875 0 0
0.089599145762 0 1
0.113134784199 0 0
0.115840668098 0 1
0.043138649774 0 0
0.682994183552 1 1
0.304991723214 0 0
0.585839054606 1 1
0.076285449861 0 1
0.314594315191 0 1
0.175756165344 0 1
0.544063667576 1 1
0.998117264804 1 1
0.114475531884 0 0
0.424567995573 0 0
0.054718833907 0 0
0.077661474923 0 0
0.115389204161 0 1
0.072540330721 0 0
0.655469663026 1 1
0.207550324271 0 0
0.142354733789 0 0
0.203974664133 0 0
0.236266001780 0 1
0.699810676873 1 0
0.088193631241 0 0
0.542283538299 1 1
0.378185845909 0 1
0.992338926794 1 1
0.281134401972 0 0
0.760942044665 1 1
0.133359567603 0 0
0.108227313270 0 0
0.161498454492 0 0
0.348911330914 0 0
0.093724734596 0 0
0.093018159167 0 0
0.524486354387 1 1
0.286882231006 0 1
0.174356009129 0 0
0.175711070457 0 0
0.054193723022 0 1
0.358391829212 0 1
0.687632379493 1 1
0.369475361127 0 1
0.062739301061 0 0
0.067996928035 0 0
0.333450723416 0 0
0.126293886204 0 0
0.123450797350 0 0
0.121889756637 0 0
0.140377747013 0 1
0.231027960009 0 1
0.414291631982 0 0
0.315168701720 0 0
0.325878132521 0 1
0.184934925210 0 1
0.362655972271 0 0
0.997177583121 1 1
0.425150466215 0 0
0.055856723251 0 0
0.916263348247 1 1
0.158052994495 0 0
0.490309010359 0 0
0.066508192694 0 0
0.112314277770 0 1
0.221505226794 0 0
0.079892386251 0 0
0.133097574624 0 0
0.219993460113 0 0
0.214316824022 0 0
0.076725894502 0 0
0.426427680886 0 0
0.101854365159 0 0
0.122046312800 0 0
0.570800701116 1 0
0.108156046183 0 0
0.091756093904 0 0
0.064066102907 0 0
0.142306407027 0 0
0.423445767404 0 1
0.355881505529 0 1
0.120929445666 0 0
0.194822765455 0 1
0.177545205756 0 0
0.225375689931 0 0
0.840743227107 1 1
0.146577840327 0 1
0.559966779312 1 1
0.514479661825 1 0
0.249180134136 0 0
0.079690137643 0 0
0.751609487310 1 1
0.096839378052 0 0
0.187760112635 0 0
0.604380307310 1 0
0.869589937459 1 1
0.889932259413 1 1
0.108825960919 0 0
0.059754393271 0 0
0.163536240427 0 0
0.083654067626 0 0
0.650623912284 1 0
0.171451495715 0 0
0.254588610169 0 0
0.613532332496 1 1
0.095966695460 0 0
0.351378321249 0 0
0.102506911075 0 0
0.570768827385 1 0
0.141439577225 0 0
0.139729679514 0 1
0.704785771804 1 1
0.148478446063 0 0
0.098456261570 0 0
0.966895515600 1 1
0.729828478715 1 1
0.187065177064 0 0
0.998841133974 1 1
0.943100855301 1 1
0.101083777172 0 0
0.169678985881 0 0
0.124023473487 0 1
0.932065163828 1 1
0.084635597725 0 0
0.992710388147 1 1
0.105905795350 0 0
0.068672688608 0 0
0.149759550894 0 1
0.441689508723 0 1
0.155895070163 0 1
0.390432195678 0 0
0.176109421572 0 0
0.209362729819 0 0
0.305904205304 0 0
0.333473914373 0 1
0.709775541422 1 1
0.230075921026 0 0
0.044159867203 0 0
0.638599078655 1 0
0.424165139467 0 1
0.631249774682 1 0
0.356864471508 0 0
0.118672495817 0 1
0.460707776690 0 0
0.100742925380 0 0
0.352019030053 0 1
0.091872154889 0 0
0.419432772566 0 0
0.077492950093 0 0
0.300666270247 0 1
0.502053573267 1 0
0.882648850759 1 1
0.465537347358 0 0
0.187082017583 0 0
0.740441158331 1 1
0.973103983796 1 1
0.136906273217 0 0
0.441965346195 0 1
0.098576727626 0 0
0.878383718322 1 1
0.594799718105 1 0
0.201054282528 0 0
0.339390355927 0 0
0.102111900156 0 0
0.045337807208 0 0
0.062590542862 0 0
0.233016510252 0 0
0.064047301234 0 0
0.390110983782 0 1
0.081876776593 0 0
0.526418193003 1 1
0.101775307608 0 0
0.098373936615 0 0
0.148371908386 0 0
0.605994659586 1 1
0.106782250579 0 0
0.054388491730 0 1
0.115492933136 0 0
0.958242541295 1 1
0.973842898725 1 1
0.741376733719 1 1
0.283987134502 0 0
0.276310770907 0 1
0.978982285140 1 1
0.992085399107 1 1
0.228959521544 0 1
0.088616702534 0 0
0.590217274995 1 1
0.427125953199 0 1
0.188338627715 0 0
0.999368574476 1 1
0.082004909476 0 0
0.239852973328 0 0
0.206470335468 0 0
0.255696769831 0 0
0.954071913082 1 1
0.840923184405 1 1
0.326286694876 0 0
0.186420659134 0 0
0.127069818160 0 0
0.999878628727 1 1
0.136866424103 0 0
0.585098412281 1 1
0.068872962652 0 1
0.219598849117 0 1
0.147352039322 0 0
0.864733376461 1 1
0.517569763178 1 0
0.974986908478 1 1
0.187706237004 0 0
0.069829332197 0 0
0.317343676230 0 0
0.074107996395 0 1
0.500831755300 1 1
0.264170492252 0 1
0.664862470861 1 1
0.099180175615 0 0
0.359825831152 0 0
0.759765719519 1 1
0.975996646200 1 1
0.759279428659 1 0
0.208796534187 0 0
0.490336742006 0 1
0.096866666870 0 0
0.372630013643 0 0
0.181751749500 0 0
0.313857985279 0 0
0.069194378645 0 0
0.076301703745 0 1
0.152246284380 0 0
0.287374227839 0 1
0.125464414431 0 0
0.102471588531 0 0
0.076807157889 0 0
0.524724749415 1 0
0.560655742005 1 0
0.475108237618 0 0
0.115269233238 0 0
0.100405947419 0 1
0.377402380268 0 0
0.653318284324 1 1
0.455403494205 0 0
0.048258796796 0 0
0.192313263440 0 0
0.407104856564 0 1
0.240482204295 0 0
0.304773067054 0 0
0.161694698744 0 0
0.050156658848 0 0
0.356463968331 0 0
0.385625866265 0 0
0.738522461245 1 0
0.340164720561 0 0
0.243562395259 0 1
0.291616094620 0 0
0.145071862563 0 0
0.082673586818 0 0
0.596157856692 1 1
0.537980232961 1 1
0.299988732348 0 0
0.680322200095 1 1
0.220998562933 0 0
0.916346901702 1 1
0.302974776969 0 1
0.105768784530 0 0
0.706404631554 1 1
0.056198766980 0 0
0.393955396904 0 0
0.176085140232 0 0
0.347121166677 0 0
0.117178249300 0 0
0.727042731018 1 0
0.436078922444 0 1
0.227314072668 0 0
0.872258997950 1 1
0.301815614310 0 1
0.088040225597 0 0
0.986333967998 1 1
0.843468135580 1 1
0.650088875660 1 1
0.514550995201 1 0
0.287420253157 0 1
0.113891958947 0 0
0.191866334519 0 0
0.160326588699 0 1
0.106135855822 0 0
0.666912915462 1 0
0.050853244373 0 0
0.264217560942 0 0
0.455719990016 0 1
0.816744970512 1 1
0.088279941829 0 0
0.268938982164 0 1
0.090791145609 0 0
0.144021650394 0 0
0.912969779823 1 1
0.474971202399 0 0
0.069511050167 0 0
0.902551177618 1 1
0.153620448098 0 0
0.208624808565 0 0
0.132601499845 0 0
0.711379140359 1 1
0.448372326585 0 1
0.121348609200 0 0
0.226167044435 0 0
0.349031850803 0 0
0.089786551493 0 0
0.066606446233 0 0
0.244994197503 0 1
0.067890943559 0 0
0.083972385086 0 0
0.498020840528 0 1
0.074886437946 0 0
0.094380569745 0 0
0.559831965125 1 1
0.348938587469 0 0
0.173591249917 0 0
0.140838466038 0 0
0.245547055220 0 0
0.132761175488 0 0
0.486779034167 0 0
0.148594652200 0 1
0.163437703364 0 1
0.717154416240 1 1
0.667136498694 1 1
0.087462870971 0 1
0.132235263262 0 0
0.262275532663 0 0
0.411374086183 0 1
0.090679054669 0 1
0.122279309874 0 0
0.059483398692 0 0
0.221933216391 0 0
0.179816283545 0 0
0.091448633772 0 0
0.111953711146 0 0
0.998442738157 1 1
0.120878268580 0 0
0.115043668589 0 0
0.098390027474 0 0
0.073869559685 0 0
0.115985344627 0 0
0.228171314171 0 0
0.712358473320 1 0
0.106956974180 0 0
0.574720578092 1 0
0.105538211092 0 0
0.141791748345 0 0
0.067101835899 0 0
0.102467717807 0 0
0.127302496711 0 0
0.163079961316 0 0
0.077753307854 0 0
0.356310133591 0 0
0.924843748784 1 0
0.079473023730 0 0
0.244044624540 0 1
0.094703715517 0 0
0.080579889803 0 0
0.758261237944 1 1
0.579410796032 1 1
0.214456507170 0 0
0.201308316604 0 0
0.608113456879 1 0
0.080649588342 0 0
0.183574486542 0 0
0.344325262771 0 1
0.365812826786 0 1
0.091432590954 0 0
0.130740481486 0 0
0.172691605014 0 0
0.265884083672 0 1
0.928323268313 1 1
0.695142684541 1 0
0.188534752144 0 1
0.996880748960 1 1
0.327910427555 0 0
0.154174474505 0 0
0.091562373058 0 0
0.176202425886 0 0
0.105137007285 0 1
0.540854207685 1 0
0.336016537169 0 0
0.177803211000 0 1
0.075849743593 0 0
0.981132773799 1 1
0.110964920155 0 1
0.523568207832 1 1
0.733337888936 1 1
0.919451892854 1 1
0.211274088233 0 0
0.122454391326 0 0
0.998137642230 1 1
0.140354260097 0 1
0.155109384350 0 0
0.069341689033 0 0
0.444975604184 0 1
0.142939347307 0 1
0.382630425647 0 0
0.717721247411 1 1
0.082841622277 0 0
0.283844842401 0 0
0.179914508347 0 0
0.607067226644 1 1
0.261895911681 0 0
0.351035503084 0 0
0.134083306528 0 0
0.935862349910 1 1
0.069672617805 0 0
0.064550504191 0 0
0.161378562509 0 0
0.631246415641 1 1
0.321314435554 0 0
0.169067667876 0 0
0.061458658799 0 0
0.070570022307 0 0
0.381592568371 0 1
0.091323681975 0 0
0.119501017249 0 0
0.604314614672 1 1
0.127564463511 0 0
0.576079510032 1 0
0.228611703036 0 0
0.681319932891 1 0
0.880685078965 1 1
0.056326413508 0 0
0.278391609835 0 0
0.209361555604 0 0
0.082315808268 0 0
0.276279452532 0 0
0.153120649789 0 0
0.238762460641 0 0
0.217461387275 0 0
0.510434159352 1 1
0.234832414476 0 1
0.368399562453 0 0
0.999782612177 1 1
0.317235212019 0 0
0.405436976568 0 0
0.166971922498 0 0
0.069381983453 0 0
0.089735680517 0 1
0.290662866803 0 0
0.099840447261 0 0
0.571963931593 1 0
0.419391910443 0 1
0.601680109063 1 0
0.964652607235 1 1
0.140929031572 0 1
0.499635029422 0 1
0.119001587300 0 0
0.151061030370 0 0
0.511796281149 1 0
0.153698710243 0 1
0.789318595025 1 1
0.184844602919 0 0
0.076912199668 0 1
0.105739797427 0 0
0.121780895137 0 0
0.089143446020 0 0
0.324822080458 0 0
0.270864320337 0 1
0.405808950441 0 1
0.088904904865 0 0
0.300791352657 0 1
0.215959102232 0 0
0.379534881310 0 0
0.999280513733 1 1
0.329581884117 0 1
0.510347083574 1 1
0.155781994938 0 0
0.254099961064 0 1
0.402352422908 0 0
0.098351852310 0 0
0.240326116172 0 0
0.297596554872 0 1
0.178843731871 0 0
0.458541743263 0 1
0.086958945137 0 0
0.996084728739 1 1
0.082232873135 0 0
0.281433998200 0 0
0.316756774478 0 0
0.982745045570 1 1
0.163689549120 0 1
0.901350416006 1 1
0.211196468274 0 0
0.068383678029 0 0
0.312406882318 0 0
0.250224648987 0 0
0.688973783902 1 1
0.828216674380 1 1
0.709855349396 1 1
0.208511213361 0 0
0.213873012431 0 1
0.977012567499 1 1
0.721255840750 1 1
0.303935337917 0 1
0.252372109034 0 0
0.169322463345 0 0
0.537421327851 1 1
0.112076699489 0 0
0.449828763643 0 1
0.068946583665 0 0
0.125014686900 0 0
0.298649018621 0 0
0.441318118516 0 0
0.116277258048 0 0
0.370674967735 0 1
0.284545603771 0 1
0.175941368212 0 0
0.369914566082 0 1
0.074958605179 0 0
0.425297214721 0 1
0.255698475214 0 0
0.990334070924 1 1
0.080472995335 0 0
0.314570224160 0 0
0.693279755234 1 1
0.061267127341 0 0
0.342153144278 0 0
0.567918580547 1 1
0.084295665596 0 0
0.138849447652 0 1
0.175988475331 0 0
0.074742036480 0 0
0.178821681072 0 0
0.481208725565 0 1
0.861479247511 1 1
0.124488754726 0 0
0.342063068368 0 1
0.492786614051 0 0
0.210706910065 0 0
0.124791665549 0 0
0.158668103501 0 0
0.515238877552 1 1
0.170694324821 0 0
0.092082012157 0 1
0.611108186325 1 1
0.452604906935 0 1
0.125584645006 0 0
0.296306222197 0 1
0.387472277972 0 0
0.322658224339 0 0
0.195797201222 0 0
0.808807671764 1 1
0.707313359905 1 1
0.076645862721 0 0
0.103711925685 0 0
0.225771423754 0 0
0.342544419065 0 0
0.163653936234 0 0
0.885264848771 1 1
0.242807819494 0 1
0.144789867966 0 0
0.112479893973 0 0
0.168063023544 0 0
0.086122974848 0 0
0.164408030733 0 0
0.108291609284 0 0
0.162603820981 0 0
0.095303449258 0 0
0.174470918350 0 0
0.993143170189 1 1
0.099265691185 0 0
0.113499769693 0 0
0.381297758397 0 1
0.093723669833 0 0
0.092546559243 0 0
0.182790962936 0 0
0.188839526417 0 0
0.464164044025 0 0
0.750143637567 1 1
0.120417628489 0 0
0.146339983314 0 1
0.216753328645 0 0
0.132991235287 0 0
0.078805607903 0 1
0.123101932543 0 0
0.295880500534 0 1
0.247123211929 0 0
0.110932547989 0 0
0.242804518559 0 0
0.931115497489 1 1
0.076200683396 0 0
0.700188089741 1 1
0.663716567235 1 1
0.688309680506 1 0
0.156760934945 0 0
0.251125933294 0 0
0.354976735235 0 0
0.131450573293 0 0
0.228798098245 0 0
0.203973620048 0 0
0.471707029651 0 0
0.086045486809 0 0
0.069709308910 0 0
0.222275050537 0 0
0.240364952429 0 0
0.189273567422 0 0
0.175614236678 0 0
0.115633400322 0 0
0.840886494698 1 1
0.979120046589 1 1
0.109868958452 0 0
0.052829900456 0 0
0.657998334134 1 0
0.130683893130 0 0
0.106890387210 0 0
0.652913503620 1 1
0.174585883471 0 0
0.661590241153 1 1
0.389574604746 0 1
0.320313152233 0 0
0.411283318249 0 0
0.088930851927 0 1
0.086426579115 0 1
0.426906687358 0 1
0.278298538337 0 1
0.149304081094 0 0
0.784282285301 1 1
0.694471644288 1 0
0.108185179996 0 0
0.946659714024 1 1
0.073961796612 0 0
0.097060006769 0 1
0.082610357088 0 0
0.935477775291 1 1
0.107670930960 0 0
0.215105520559 0 1
0.051731552847 0 0
0.537219715780 1 0
0.158539650145 0 0
0.291304373460 0 0
0.067422408977 0 0
0.088202746744 0 0
0.126960153600 0 0
0.515719867982 1 1
0.128981973513 0 0
0.541114071529 1 0
0.128656385993 0 0
0.234720517478 0 0
0.169912171366 0 0
0.129852024800 0 0
0.121127439460 0 0
0.408193549909 0 0
0.256404561832 0 0
0.195322652794 0 0
0.182207802373 0 0
0.838991863794 1 1
0.163801175234 0 0
0.188728242429 0 0
0.163515034574 0 0
0.086594438520 0 0
0.086597434388 0 0
0.087027922159 0 0
0.528648738305 1 0
0.170364928809 0 0
0.061642004194 0 0
0.155815491706 0 0
0.142093288463 0 1
0.112441185096 0 0
0.376472343835 0 1
0.330744656390 0 0
0.231317349655 0 0
0.537262190966 1 1
0.227266601091 0 0
0.131086376592 0 0
0.170935050352 0 1
0.093578403701 0 0
0.160752160337 0 0
0.989293704798 1 1
0.599279175099 1 1
0.437499877989 0 1
0.060202587712 0 0
0.147926254881 0 1
0.107704539214 0 0
0.156956922351 0 0
0.094903593993 0 0
0.110015605352 0 0
0.081893906882 0 0
0.963489267584 1 1
0.142162241650 0 0
0.095214892783 0 0
0.257683436126 0 0
0.180801237077 0 0
0.164760467858 0 0
0.683851841536 1 1
0.965387727416 1 1
0.104274951480 0 1
0.130071546136 0 0
0.373308971846 0 1
0.075742790868 0 1
0.646794993983 1 0
0.067378626079 0 0
0.172034061567 0 1
0.599109206386 1 0
0.248002804006 0 0
0.052030331385 0 0
0.984435801175 1 1
0.247922559262 0 0
0.175645524327 0 0
0.104763104607 0 0
0.516240266920 1 1
0.081572920284 0 0
0.070493885602 0 0
0.758985741976 1 1
0.141374678575 0 0
0.135004704398 0 0
0.273492614895 0 0
0.193652059749 0 0
0.264495638393 0 0
0.152087135875 0 0
0.493694823869 0 0
0.246940760820 0 0
0.695718309832 1 1
0.163035172056 0 0
0.194132291121 0 0
0.195459562998 0 0
0.996383778383 1 1
0.465340932002 0 1
0.109286585939 0 0
0.097223900376 0 0
0.053834729898 0 0
0.210655321094 0 0
0.201512048620 0 0
0.185996687191 0 0
0.099794946588 0 0
0.212026744849 0 0
0.042930305439 0 0
0.250619717669 0 0
0.210969358351 0 0
0.256432915433 0 0
0.061451172750 0 1
0.085099206240 0 0
0.399604230168 0 0
0.999357044525 1 1
0.533977336228 1 1
0.644369333887 1 1
0.093203859982 0 0
0.271977365264 0 0
0.665783863998 1 1
0.160109712369 0 1
0.177281352944 0 1
0.108922390650 0 0
0.884658757811 1 1
0.661193365951 1 0
0.160759249981 0 0
0.231877023153 0 1
0.295218204037 0 0
0.136265356531 0 0
0.564030991781 1 0
0.075455350605 0 0
0.434415388450 0 0
0.139021674306 0 0
0.077603365805 0 0
0.226473575101 0 0
0.673257234481 1 1
0.219564139758 0 0
0.111742427414 0 0
0.218605153732 0 0
0.149174991677 0 0
0.181066987358 0 0
0.259718958703 0 0
0.060719887785 0 0
0.099211753507 0 0
0.102622567637 0 0
0.750473568502 1 1
0.095303150105 0 1
0.605251579845 1 1
0.803347499306 1 1
0.085872091732 0 1
0.716700830664 1 0
0.240541310323 0 0
0.071493936297 0 0
0.078641650809 0 0
0.220316819851 0 0
0.258823207255 0 0
0.080465339787 0 0
0.666715879502 1 1
0.972244230794 1 1
0.160475421921 0 0
0.315989945103 0 0
0.130371790406 0 0
0.809010712400 1 1
0.228840302308 0 0
0.113287466792 0 0
0.068572082030 0 0
0.217399831693 0 0
0.131907185194 0 0
0.085582549049 0 0
0.083839664347 0 0
0.752100818829 1 1
0.514467984452 1 0
0.174860422857 0 0
0.503869232407 1 1
0.314908433860 0 0
0.363047299756 0 1
0.074344037616 0 0
0.250207545880 0 0
0.492085638657 0 1
0.101805013821 0 0
0.246466972818 0 0
0.679202126765 1 0
0.288243802668 0 0
0.181420889565 0 1
0.384300297595 0 0
0.160118762785 0 0
0.074206359395 0 0
0.091983448301 0 0
0.267889353890 0 0
0.088781971981 0 0
0.581997640263 1 0
0.241982943026 0 0
0.121556500373 0 0
0.517255951018 1 1
0.504791442134 1 0
0.087438614322 0 0
0.522714072705 1 1
0.972376302986 1 1
0.484463931845 0 1
0.229115618409 0 0
0.520133777077 1 1
0.211114186954 0 0
0.827006179627 1 1
0.414700458881 0 0
0.899019761531 1 1
0.205730018190 0 0
0.083091923587 0 0
0.245636772880 0 1
0.216600118598 0 0
0.101756829441 0 0
0.124147008636 0 0
0.072562718237 0 0
0.076015065020 0 0
0.093623817256 0 0
0.221768152754 0 0
0.282124842592 0 0
0.144882288166 0 0
0.429536664711 0 1
0.126370510093 0 0
0.105160717652 0 0
0.262244922679 0 0
0.146609723507 0 0
0.512384694578 1 1
0.218957661838 0 1
0.117163154647 0 1
0.203314431345 0 1
0.133272291213 0 0
0.196426789087 0 0
0.797029310339 1 1
0.207732354169 0 0
0.144729781094 0 1
0.667343567922 1 0
0.186034928795 0 1
0.281195528939 0 0
0.066766995890 0 0
0.119762692082 0 1
0.139045576922 0 0
0.119632140386 0 0
0.226114761621 0 0
0.104294681309 0 1
0.152930373155 0 1
0.164252804495 0 0
0.241544032808 0 1
0.211887147547 0 0
0.151904162495 0 0
0.118943722664 0 0
0.353138053643 0 0
0.055154699966 0 0
0.226452968422 0 0
0.223045571823 0 0
0.154231669519 0 0
0.100590969458 0 0
0.771093665809 1 1
0.109690435089 0 1
0.682375385459 1 1
0.905355352258 1 1
0.206158948965 0 0
0.059858825168 0 0
0.232453394739 0 0
0.255378722461 0 0
0.307555267606 0 0
0.157127110012 0 0
0.107041436770 0 0
0.119918002275 0 1
0.322921802526 0 1
0.241193644418 0 0
0.067371702697 0 0
0.471072888353 0 1
0.197574779533 0 0
0.892414911237 1 1
0.094980370715 0 0
0.906590058407 1 1
0.103448207110 0 0
0.111888084270 0 0
0.097671036698 0 0
0.623886520116 1 0
0.973658857873 1 1
0.429588785406 0 1
0.410138694801 0 0
0.181249146053 0 0
0.996863706128 1 1
0.149057466668 0 0
0.073936290621 0 0
0.230152756870 0 0
0.077722467186 0 0
0.112226550232 0 0
0.253341792288 0 0
0.064256653638 0 0
0.178621206551 0 0
0.531281997131 1 0
0.134377905643 0 0
0.066965413173 0 0
0.253851963012 0 1
0.066755806033 0 0
0.158041199709 0 0
0.995107115271 1 1
0.161564328794 0 1
0.122795662606 0 0
0.505333263570 1 0
0.175296527101 0 1
0.179654468455 0 0
0.091466379332 0 0
0.901627394085 1 1
0.131273564557 0 1
0.694886487336 1 1
0.158185163008 0 0
0.202545557858 0 0
0.117312332027 0 0
0.168665997828 0 1
0.112799116991 0 0
0.068052237211 0 0
0.105444439106 0 0
0.106321958369 0 0
0.998971057641 1 1
0.454971514204 0 1
0.537565381615 1 1
0.443712134824 0 1
0.159203968640 0 0
0.952855467666 1 1
0.507957261215 1 0
0.420843768204 0 0
0.754821802641 1 0
0.076046527188 0 0
0.874901604862 1 1
0.232205283161 0 0
0.093130687834 0 0
0.111953766473 0 0
0.179021433338 0 0
0.988568131760 1 1
0.431769830472 0 0
0.385188769405 0 0
0.098833200373 0 0
0.737018140727 1 1
0.115445908541 0 0
0.155766124481 0 1
0.252281604352 0 1
0.203237632806 0 1
0.907353867527 1 1
0.099559280638 0 0
0.179207111519 0 0
0.147506634866 0 1
0.123925854619 0 0
0.497743207701 0 1
0.331080752653 0 0
0.051630823925 0 0
0.190351706232 0 1
0.091908601308 0 0
0.999743104929 1 1
0.140782224453 0 1
0.148044934588 0 1
0.286939930783 0 1
0.065858468384 0 0
0.204569791304 0 0
0.671168209605 1 1
0.268244619771 0 0
0.334651140542 0 1
0.100552450256 0 0
0.338149492487 0 0
0.199809551934 0 0
0.113642329323 0 0
0.063672389912 0 0
0.112830931438 0 1
0.136499929044 0 0
0.046273645038 0 0
0.984135995363 1 1
0.994863976125 1 1
0.690323864749 1 1
0.891947503158 1 1
0.228753818222 0 0
0.423102905681 0 1
0.227760553382 0 0
0.065193870656 0 0
0.285706079686 0 1
0.108192885981 0 0
0.465780546291 0 1
0.288656946949 0 0
0.080923925042 0 1
0.099970166611 0 0
0.261097970220 0 0
0.122433284574 0 0
0.086324052957 0 0
0.983091239879 1 1
0.052930336974 0 1
0.111122357428 0 0
0.947717238854 1 1
0.287445841123 0 1
0.300604619336 0 0
0.074322271856 0 0
0.675965795366 1 0
0.104320814590 0 0
0.194604582047 0 0
0.814251159231 1 1
0.123515668303 0 0
0.167515372980 0 0
0.678199657361 1 1
0.114071020310 0 0
0.067854394454 0 0
0.408382202910 0 0
0.839944176153 1 0
0.945622435834 1 1
0.301125726069 0 1
0.613914278055 1 1
0.080921749985 0 0
0.097327471086 0 0
0.055587162432 0 0
0.220629303858 0 0
0.092531180275 0 0
0.198358444965 0 0
0.994170324456 1 1
0.134345903162 0 1
0.208573554682 0 0
0.363100499644 0 0
0.306786441009 0 0
0.557851589442 1 1
0.229172399593 0 0
0.446768074729 0 1
0.059739250310 0 0
0.101428292587 0 0
0.226974891038 0 0
0.261897389988 0 0
0.454407751405 0 1
0.398350043483 0 1
0.118586208056 0 0
0.154308656793 0 1
0.249224850251 0 0
0.782598300627 1 1
0.744797242093 1 1
0.112067309052 0 0
0.756119515400 1 1
0.644988134516 1 0
0.064665653863 0 0
0.535184677095 1 0
0.237273079475 0 0
0.124132798558 0 0
0.197547622000 0 0
0.666194312573 1 1
0.255077292709 0 0
0.998617707171 1 1
0.153015501638 0 0
0.114035736165 0 1
0.716078693916 1 1
0.235827372039 0 0
0.166757595575 0 0
0.062536102962 0 0
0.592343318581 1 1
0.241460679149 0 1
0.089386377033 0 0
0.201792876281 0 1
0.061653211808 0 0
0.411189513854 0 0
0.502938617093 1 1
0.217404747764 0 0
0.149440365897 0 0
0.153393022718 0 0
0.294234882752 0 0
0.083271544670 0 0
0.307557199878 0 1
0.050584964775 0 1
0.167505524138 0 1
0.104227521969 0 0
0.105848556733 0 0
0.321019083848 0 0
0.119627794579 0 1
0.359406616011 0 1
0.084880507115 0 0
0.444318979954 0 1
0.205361285115 0 0
0.093509903021 0 0
0.104085759114 0 1
0.293610311229 0 1
0.930721186260 1 1
0.576924902491 1 0
0.289549069125 0 1
0.128130310676 0 1
0.092708841187 0 1
0.326754972593 0 0
0.133750221312 0 0
0.890336726170 1 1
0.108077740874 0 0
0.619581043650 1 1
0.074661164067 0 1
0.073451346074 0 0
0.121390205527 0 1
0.121274602367 0 0
0.122903609307 0 0
0.609951203854 1 1
0.294164978355 0 1
0.107955050205 0 0
0.211220290453 0 0
0.075640960932 0 0
0.253850336894 0 0
0.279768123762 0 0
0.834900211986 1 1
0.438762945223 0 0
0.138065779064 0 0
0.774154287418 1 1
0.245778979800 0 0
0.188416512329 0 0
0.172379435364 0 0
0.183870583164 0 0
0.080141825423 0 0
0.242591394137 0 0
0.307996251429 0 0
0.197826463032 0 0
0.690765385695 1 1
0.320934250369 0 1
0.074198716520 0 0
0.135428137958 0 0
0.184992856976 0 0
0.084779842792 0 1
0.889717816706 1 1
0.341752199893 0 0
0.754818802883 1 0
0.195186384110 0 0
0.090404194783 0 0
0.058489316563 0 0
0.128002254930 0 0
0.365118573339 0 1
0.155072914775 0 0
0.128707053624 0 1
0.808621598922 1 0
0.137397806407 0 0
0.431042237081 0 1
0.738159453129 1 1
0.230118277760 0 0
0.788978547376 1 1
0.661695585440 1 0
0.400521611508 0 1
0.159237305393 0 0
0.131413339311 0 0
0.284086525042 0 0
0.843594443654 1 1
0.803685585973 1 1
0.172646518492 0 0
0.125835043068 0 0
0.159571846333 0 0
0.203782234233 0 0
0.114841210555 0 0
0.307872092512 0 0
0.261059604772 0 1
0.240662614497 0 0
0.118872627711 0 0
0.097568467768 0 0
0.273785657551 0 0
0.141184088348 0 0
0.089231581671 0 0
0.188552754456 0 1
0.107937765844 0 0
0.237544478515 0 0
0.096023629580 0 0
0.137381554191 0 0
0.110967193302 0 0
0.507306772636 1 1
0.332331235237 0 1
0.068316966835 0 0
0.878550625785 1 1
0.696046437867 1 0
0.261187078036 0 0
0.393106924853 0 1
0.720798877179 1 0
0.240806388953 0 0
0.114417334258 0 0
0.132781787692 0 1
0.669326626820 1 1
0.533983460839 1 1
0.319761331810 0 0
0.127981856675 0 0
0.641532873342 1 0
0.174235930118 0 0
0.153928841336 0 0
0.202750735530 0 0
0.135122655905 0 0
0.114387708912 0 0
0.267404656653 0 0
0.080005789651 0 0
0.612029983899 1 1
0.129004774718 0 0
0.263665959661 0 1
0.167163309374 0 1
0.062823018870 0 0
0.058149384093 0 0
0.929427525204 1 1
0.622846188337 1 1
0.061321563419 0 0
0.995658835310 1 1
0.217087977805 0 0
0.079805467822 0 0
0.456731678728 0 0
0.402863321153 0 1
0.221955591916 0 0
0.192407911849 0 0
0.977622946221 1 1
0.148955879654 0 1
0.213619484526 0 0
0.301647136628 0 1
0.119428221145 0 0
0.758397115933 1 1
0.072551958527 0 0
0.161740642324 0 0
0.091501083418 0 0
0.112352426614 0 0
0.078693589383 0 0
0.158601004866 0 1
0.127057086223 0 0
0.486161871653 0 0
0.177784787699 0 0
0.076853950034 0 0
0.927394687311 1 1
0.156490032944 0 0
0.128292861214 0 0
0.201999379888 0 0
0.211642426792 0 0
0.168057913242 0 1
0.391994722873 0 1
0.107578467558 0 0
0.170459118745 0 0
0.147439205083 0 0
0.144921874724 0 0
0.134796478330 0 0
0.162383346297 0 0
0.091638371538 0 0
0.680072386085 1 1
0.115521464360 0 0
0.137121226401 0 0
0.159267210993 0 0
0.239643740432 0 0
0.142561670291 0 0
0.569663333021 1 1
0.054247240161 0 1
0.212053747232 0 1
0.524396691837 1 0
0.675223171190 1 0
0.225814198333 0 1
0.995804828524 1 1
0.248917760176 0 0
0.146997092465 0 1
0.797353176785 1 0
0.715348743700 1 1
0.434073193405 0 0
0.194600381485 0 1
0.207329852355 0 0
0.065857306478 0 0
0.085487490786 0 0
0.405820933383 0 1
0.147542592633 0 0
0.352617573968 0 0
0.128289004717 0 0
0.193554804207 0 0
0.116847545185 0 1
0.372776026372 0 0
0.532310717970 1 0
0.061597375053 0 0
0.999520423107 1 1
0.226519491614 0 0
0.657156478992 1 0
0.589607479562 1 1
0.048318250979 0 0
0.067326689561 0 0
0.067722436343 0 1
0.056005873178 0 0
0.101552447517 0 0
0.924464207661 1 1
0.214240194165 0 0
0.129985076953 0 0
0.051703671731 0 0
0.156515302653 0 0
0.834481962259 1 1
0.920865030501 1 1
0.141762159191 0 0
0.280355937204 0 0
0.116680538668 0 0
0.303810796039 0 1
0.202762068053 0 0
0.298162424760 0 1
0.686880963053 1 1
0.298090574464 0 0
0.179918446548 0 0
0.333084186894 0 0
0.081445994689 0 0
0.568432637957 1 1
0.600894143782 1 1
0.139569820585 0 1
0.328020137020 0 1
0.135945323055 0 0
0.284980316216 0 1
0.299226328891 0 0
0.072691688169 0 0
0.122542720277 0 0
0.267383099300 0 0
0.133258509312 0 0
0.635532089268 1 0
0.548132666855 1 1
0.354151392395 0 0
0.119240211381 0 0
0.490195505579 0 1
0.174475740197 0 0
0.641559282880 1 0
0.420218824662 0 1
0.148714887012 0 0
0.439031716521 0 1
0.499991689608 0 1
0.173196340656 0 0
0.452304908770 0 1
0.125566510597 0 0
0.867995591920 1 0
0.220764808814 0 0
0.123429575452 0 0
0.261761632924 0 1
0.187438586036 0 0
0.054118592706 0 0
0.779171748690 1 1
0.064750118493 0 0
0.094681921986 0 0
0.180325418001 0 0
0.134918225449 0 0
0.218562796131 0 0
0.597149385245 1 0
0.642675323802 1 1
0.075748924662 0 0
0.487501450607 0 1
0.252195002148 0 0
0.812750109241 1 1
0.100697780712 0 0
0.381230465525 0 1
0.474112757601 0 1
0.985451798799 1 1
0.057004439681 0 0
0.563718934625 1 1
0.116726329375 0 0
0.172400365317 0 0
0.127059214567 0 0
0.071910223595 0 0
0.578597082688 1 0
0.482415573672 0 1
0.648763338438 1 0
0.723169831683 1 1
0.097087104538 0 0
0.256919335281 0 0
0.121432504159 0 0
0.303006109147 0 0
0.284899820198 0 0
0.821905862190 1 0
0.321946684474 0 0
0.061244480596 0 0
0.719971075981 1 0
0.357328629564 0 1
0.342591882344 0 0
0.468437064080 0 1
0.276064786174 0 1
0.327870685389 0 0
0.793850782302 1 1
0.454491894764 0 0
0.471183088010 0 0
0.722194220785 1 0
0.179091279837 0 0
0.145420532609 0 0
0.226555165103 0 0
0.108124996888 0 0
0.805496312495 1 1
0.106799322504 0 0
0.375691770622 0 1
0.223302817003 0 0
0.387896197069 0 1
0.335385428181 0 1
0.094899193325 0 0
0.606950433352 1 0
0.639838273299 1 1
0.075637143135 0 0
0.061650669161 0 0
0.114912286130 0 0
0.998474297154 1 1
0.339585330091 0 1
0.136579281698 0 0
0.254778568625 0 0
0.162969308784 0 0
0.062665475990 0 0
0.105097522192 0 0
0.246462943956 0 1
0.244837777031 0 0
0.239432158281 0 0
0.925625370429 1 1
0.231292523450 0 0
0.111170987500 0 0
0.117010189995 0 0
0.596001796732 1 1
0.075256038205 0 0
0.161865549222 0 0
0.361169209579 0 1
0.168032345182 0 1
0.146994316320 0 0
0.339196724361 0 0
0.200340047077 0 0
0.710629672724 1 1
0.059148427920 0 0
0.145810147032 0 0
0.076773786753 0 0
0.276564519580 0 1
0.694274646427 1 1
0.073119592514 0 0
0.106103469848 0 0
0.094288034085 0 0
0.167138542143 0 0
0.943095163132 1 1
0.089931289627 0 0
0.061969782823 0 0
0.086030766827 0 0
0.192631800287 0 0
0.347491353091 0 0
0.084814731814 0 0
0.533053691709 1 1
0.264830621478 0 0
0.260043106887 0 1
0.998884999210 1 1
0.158119970422 0 0
0.596075545327 1 1
0.723788329407 1 0
0.958637470022 1 0
0.197369540222 0 0
0.344155484939 0 0
0.144166851655 0 1
0.215000194016 0 0
0.101298163345 0 0
0.711612390165 1 1
0.461260002529 0 1
0.547036921489 1 0
0.308884724442 0 0
0.219057454650 0 0
0.142050875447 0 0
0.819970752762 1 1
0.978251819704 1 1
0.429343862030 0 0
0.941528053075 1 1
0.340027295803 0 0
0.709351974822 1 0
0.221627559129 0 0
0.119994077287 0 0
0.378169815084 0 1
0.081362535265 0 0
0.108640936183 0 1
0.159324418260 0 0
0.105189825116 0 0
0.981284711719 1 1
0.969192405842 1 0
0.159408419515 0 0
0.283375374576 0 0
0.244905452842 0 0
0.099563382426 0 0
0.352511363728 0 1
0.105411977048 0 1
0.941367902600 1 1
0.996694734664 1 1
0.176102088209 0 0
0.401504181062 0 1
0.165512942238 0 0
0.998450686110 1 1
0.161490858050 0 0
0.257044534829 0 0
0.893816295348 1 1
0.387568211864 0 0
0.697255275664 1 1
0.191553844590 0 0
0.114138990588 0 0
0.118805447729 0 0
0.057689071152 0 0
0.077846954696 0 0
0.146212380110 0 0
0.109682193058 0 0
0.902334658213 1 1
0.258181121412 0 0
0.107816296273 0 0
0.743876547151 1 1
0.058513099513 0 0
0.112886577483 0 1
0.399267268737 0 0
0.727620426204 1 1
0.967241779033 1 1
0.106612191724 0 0
0.126716231377 0 0
0.141716452922 0 0
0.238911393013 0 0
0.625022750441 1 1
0.087063856819 0 0
0.095920581023 0 0
0.125969329871 0 0
0.106901170714 0 0
0.701980935706 1 1
0.304191932129 0 0
0.849233579451 1 1
0.193870929904 0 0
0.698303345302 1 1
0.105828378809 0 0
0.332750516614 0 0
0.158767482172 0 0
0.476077571694 0 0
0.091088701505 0 0
0.229345082923 0 0
0.154018951400 0 0
0.702678683159 1 0
0.069728433392 0 0
0.188513865811 0 0
0.069298969962 0 0
0.165889584449 0 0
0.048594240219 0 1
0.070618526743 0 1
0.128256907360 0 0
0.219879586541 0 0
0.162859560091 0 1
0.165998163308 0 0
0.546477254049 1 0
0.383263793172 0 1
0.496363306234 0 0
0.209917711124 0 1
0.184601055557 0 0
0.590961922538 1 1
0.198974225027 0 0
0.586829602523 1 1
0.085827624971 0 0
0.317693314819 0 0
0.072057624550 0 0
0.182166830679 0 0
0.782105172811 1 1
0.825949902582 1 1
0.151854913345 0 0
0.152818022928 0 0
0.219062776312 0 0
0.525866676043 1 0
0.098821792834 0 1
0.265211873422 0 0
0.252245912859 0 0
0.121986911201 0 0
0.134218016251 0 0
0.431909358121 0 0
0.418012599227 0 0
0.062285104305 0 0
0.414856795547 0 1
0.986964872756 1 1
0.199119476972 0 1
0.141077655504 0 0
0.060733725681 0 0
0.782987687901 1 1
0.367499574203 0 0
0.251063896614 0 0
0.108136648959 0 0
0.058854850091 0 0
0.208394458631 0 0
0.064147388048 0 0
0.449938846645 0 0
0.077979530145 0 1
0.745308917106 1 1
0.410901151789 0 1
0.199243813527 0 0
0.376155818146 0 1
0.370816250242 0 0
0.256869349201 0 1
0.080207977701 0 0
0.637786408782 1 1
0.167039683864 0 0
0.259736678504 0 0
0.603596524866 1 0
0.165293620446 0 0
0.780911939408 1 1
0.191856462906 0 0
0.127855663632 0 0
0.382249695520 0 1
0.279530932511 0 0
0.139193162614 0 0
0.106022676138 0 0
0.601117049930 1 1
0.460554296221 0 0
0.143971760480 0 0
0.479529192044 0 1
0.682289251319 1 0
0.523606971875 1 1
0.396781452782 0 1
0.264307103230 0 1
0.271035501013 0 0
0.140346020485 0 0
0.331768949499 0 0
0.208242864027 0 0
0.946924898503 1 1
0.273484256877 0 1
0.362597682258 0 1
0.203636170068 0 1
0.207046950760 0 0
0.059252122445 0 0
0.447463711465 0 0
0.119764533065 0 0
0.980726126761 1 1
0.116723907295 0 0
0.144893218540 0 0
0.745420384108 1 0
0.134827995260 0 0
0.555569725641 1 0
0.068540766692 0 0
0.642180614665 1 1
0.320393234037 0 0
0.063437161951 0 0
0.892735653947 1 1
0.080212128567 0 0
0.289428219975 0 0
0.214251772563 0 0
0.205714730449 0 0
0.997290090965 1 1
0.613693541228 1 1
0.178210318242 0 0
0.206174300790 0 0
0.632668127819 1 1
0.052111839235 0 1
0.430556936357 0 0
0.093044854185 0 0
0.519106514885 1 1
0.127397077877 0 0
0.111579887164 0 1
0.565769857323 1 0
0.960378612721 1 1
0.065889594176 0 0
0.108356487208 0 0
0.222722759843 0 0
0.985959633923 1 1
0.077141365976 0 0
0.984539212906 1 1
0.448641099364 0 0
0.222901153044 0 1
0.270123054203 0 0
0.174819985303 0 0
0.666121909936 1 1
0.374308858467 0 0
0.795722886544 1 0
0.680605963152 1 1
0.769600669436 1 1
0.504100275181 1 1
0.052457481888 0 0
0.849799371104 1 1
0.699853257785 1 1
0.177381184560 0 0
0.623982730570 1 1
0.314414492050 0 0
0.185231753840 0 0
0.164501599790 0 1
0.274804387156 0 1
0.171753058930 0 1
0.171636575160 0 0
0.949162280938 1 1
0.129973586865 0 1
0.083924011408 0 0
0.063859599227 0 0
0.093201121232 0 0
0.210950829990 0 0
0.089869362165 0 0
0.146343264199 0 0
0.207353892534 0 0
0.340063794047 0 1
0.126073334118 0 0
0.080491928273 0 0
0.952372569619 1 1
0.178221349705 0 0
0.117785379001 0 0
0.227997635627 0 0
0.092685545093 0 0
0.164217037595 0 0
0.290198402495 0 0
0.205500645776 0 0
0.056479353734 0 0
0.137876815760 0 0
0.301921425107 0 0
0.838304478696 1 1
0.085772987855 0 0
0.179461956246 0 0
0.126201332002 0 0
0.562243433370 1 1
0.199840764718 0 0
0.078918883241 0 0
0.165582730450 0 1
0.757733125655 1 1
0.305815248244 0 1
0.079792570933 0 0
0.068918425381 0 0
0.198558919572 0 0
0.119539562469 0 0
0.084759937867 0 0
0.100486201429 0 0
0.561863259725 1 0
0.278061284266 0 0
0.835866742601 1 1
0.073952987434 0 0
0.296367515415 0 1
0.201233512762 0 1
0.057433201784 0 0
0.122850777266 0 0
0.333519693955 0 0
0.621397319476 1 1
0.319219242704 0 1
0.182481799717 0 0
0.401323173899 0 1
0.178018771060 0 1
0.172151955992 0 1
0.152154690028 0 0
0.153175402822 0 0
0.340763540445 0 0
0.267928390558 0 0
0.996743494288 1 1
0.113636618649 0 0
0.339116145690 0 0
0.090332950741 0 0
0.738305107264 1 0
0.481139781227 0 0
0.953384114367 1 1
0.753503689253 1 1
0.110484576054 0 0
0.599429871013 1 1
0.692374357907 1 1
0.357811240353 0 0
0.144276623245 0 0
0.773575901920 1 1
0.806463078818 1 1
0.124274272272 0 0
0.099121675614 0 0
0.629147303379 1 1
0.282019785846 0 0
0.165712034857 0 1
0.208115914675 0 0
0.543626682789 1 0
0.718649909869 1 1
0.081438933063 0 0
0.062990514750 0 0
0.382419958360 0 1
0.338283958453 0 0
0.067294519634 0 0
0.103886756931 0 0
0.074989689293 0 0
0.525039140890 1 1
0.249180364731 0 0
0.156305130231 0 0
0.077871937205 0 0
0.456359995012 0 1
0.247292623000 0 0
0.604289447334 1 1
0.246391375408 0 0
0.078752878424 0 0
0.812964274519 1 1
0.140258485896 0 0
0.909622451952 1 1
0.140608363202 0 0
0.209785935338 0 0
0.164100773578 0 0
0.109931861182 0 0
0.422188584996 0 1
0.630086131674 1 0
0.865251519261 1 1
0.091182639236 0 0
0.134168102393 0 0
0.996166368863 1 1
0.551259611061 1 0
0.990951353667 1 1
0.618932860215 1 1
0.976101154957 1 1
0.206356411910 0 0
0.184450933159 0 0
0.753814363612 1 1
0.439462763624 0 1
0.807336475729 1 1
0.882004961055 1 1
0.175557994938 0 0
0.764383982172 1 0
0.124110908113 0 0
0.089561882004 0 0
0.983280911830 1 1
0.408422341130 0 0
0.134560678344 0 0
0.428019803886 0 0
0.939908312951 1 1
0.101667880443 0 0
0.120051779054 0 0
0.249487513381 0 0
0.312209809213 0 0
0.290380962611 0 0
0.088940515319 0 0
0.131476219608 0 1
0.216255812955 0 0
0.415934717794 0 1
0.174102593215 0 1
0.399118202590 0 0
0.084245737527 0 1
0.332486163429 0 1
0.294052725709 0 1
0.056887535765 0 0
0.182979451457 0 1
0.190720517079 0 0
0.084429674628 0 0
0.409853910475 0 0
0.997608485127 1 1
0.071381229311 0 0
0.157848473769 0 0
0.128458947783 0 0
0.468787475835 0 0
0.272461766162 0 0
0.123849283517 0 0
0.386518583218 0 0
0.206136534213 0 0
0.088612669179 0 0
0.337767579646 0 0
0.289803586541 0 1
0.682718446419 1 0
0.713874580718 1 1
0.525239326716 1 1
0.179229713449 0 0
0.077457437681 0 0
0.171734213455 0 0
0.084116556013 0 0
0.291453583339 0 1
0.075287101478 0 0
0.070522502472 0 1
0.258534553151 0 0
0.086272895385 0 0
0.287081189133 0 0
0.446319260398 0 0
0.986313316987 1 1
0.273503230437 0 0
0.063907266997 0 0
0.416347176258 0 0
0.182686711247 0 0
0.187584277428 0 0
0.378592027978 0 0
0.079966493708 0 0
0.215674483797 0 0
0.484990627434 0 1
0.505997963899 1 0
0.241797287394 0 0
0.084792196701 0 0
0.502061049164 1 1
0.147339554199 0 0
0.087995264082 0 0
0.666095411249 1 1
0.994930191033 1 1
0.809607949764 1 1
0.689209139432 1 1
0.205070271729 0 0
0.320525432365 0 1
0.093239907898 0 0
0.112898109163 0 0
0.112748851200 0 0
0.051500696034 0 0
0.097628818909 0 0
0.149931652084 0 0
0.921241727575 1 1
0.136183176613 0 0
0.203309825438 0 0
0.800956869247 1 1
0.144843250108 0 0
0.202806158513 0 0
0.078053558878 0 0
0.076584623138 0 1
0.134528828364 0 0
0.456007308315 0 1
0.077924515309 0 0
0.103760530435 0 0
0.189852974397 0 1
0.302524671227 0 1
0.087073102185 0 0
0.807201024285 1 1
0.061584349669 0 1
0.078999937938 0 0
0.902274787978 1 1
0.176416603752 0 1
0.268864534030 0 0
0.975555856382 1 1
0.249853066712 0 0
0.237798406355 0 0
0.714740834283 1 1
0.176165806474 0 0
0.190447084986 0 1
0.113154788748 0 0
0.999793106311 1 1
0.425421968918 0 1
0.171894920083 0 0
0.204791981418 0 1
0.618945446056 1 0
0.253552528373 0 1
0.121676833190 0 1
0.119452149874 0 0
0.380603909705 0 0
0.208532208053 0 1
0.093998607204 0 0
0.523149553770 1 0
0.836567368307 1 0
0.259790314536 0 0
0.190076516533 0 1
0.312945143224 0 1
0.920993505412 1 1
0.114146081208 0 0
0.563272199752 1 1
0.253147241924 0 0
0.050985457608 0 0
0.124000214087 0 0
0.171097648914 0 0
0.318753698410 0 0
0.214440528634 0 0
0.394407742440 0 1
0.946175726018 1 1
0.695068727162 1 0
0.138877398466 0 1
0.808989599409 1 1
0.148665052830 0 0
0.998772167154 1 1
0.121757696962 0 0
0.061439369050 0 0
0.177635263143 0 0
0.104705362449 0 0
0.120770463754 0 0
0.153778177386 0 0
0.094615265385 0 0
0.301752056221 0 0
0.371941848214 0 1
0.315677634848 0 0
0.617403742923 1 1
0.739425405909 1 1
0.563684965654 1 0
0.858501233282 1 1
0.078466982478 0 0
0.649212427760 1 1
0.127205940559 0 0
0.114945608840 0 0
0.662618832354 1 1
0.069680814515 0 0
0.061254587284 0 1
0.128706866278 0 0
0.817390562019 1 1
0.250386097967 0 0
0.065934294631 0 0
0.086936051916 0 0
0.108911820495 0 0
0.548824221139 1 1
0.374092492052 0 0
0.454157048006 0 1
0.520772266625 1 1
0.280309181469 0 0
0.155199120969 0 0
0.677217887408 1 1
0.106489458944 0 0
0.884166183247 1 1
0.178099379780 0 0
0.415525383007 0 0
0.588248409375 1 0
0.074638241421 0 0
0.067008599796 0 0
0.842383389930 1 1
0.080110049107 0 0
0.863915523146 1 1
0.261462346007 0 0
0.543706171160 1 1
0.243060042924 0 0
0.433017424615 0 1
0.258088477491 0 1
0.491850783443 0 1
0.148697155199 0 0
0.632330011218 1 1
0.516692402663 1 0
0.087937542286 0 0
0.170875628421 0 1
0.771747320356 1 1
0.116059695522 0 0
0.081043221669 0 0
0.999506194407 1 1
0.569717868764 1 1
0.521095558918 1 0
0.126415924178 0 0
0.211095699887 0 0
0.160767181211 0 1
0.147132937330 0 0
0.314197936990 0 0
0.606425123076 1 1
0.424233984855 0 1
0.670278037361 1 0
0.668689098798 1 0
0.614856566369 1 1
0.185604101957 0 0
0.182374193678 0 1
0.110054272361 0 1
0.334520174329 0 0
0.367027976417 0 1
0.817729761120 1 0
0.132431310937 0 0
0.220407741076 0 0
0.068947414042 0 0
0.694770154724 1 1
0.065197135642 0 0
0.075502193715 0 0
0.648610089585 1 1
0.107980405391 0 0
0.236737727707 0 0
0.089731235083 0 0
0.638856689664 1 0
0.398657223971 0 0
0.600947285450 1 0
0.160529426698 0 0
0.088742292198 0 0
0.314680370109 0 0
0.071762409300 0 0
0.352271772180 0 0
0.122042134772 0 0
0.360885774452 0 1
0.203059115017 0 0
0.364668618548 0 0
0.765194620691 1 1
0.084750850821 0 0
0.420763705581 0 0
0.135245441039 0 0
0.675139339327 1 0
0.081185806890 0 0
0.980156026689 1 1
0.403397282957 0 0
0.094808516959 0 0
0.157475879619 0 0
0.659575671718 1 0
0.098774319993 0 0
0.072692520243 0 0
0.794445964181 1 1
0.290016084037 0 0
0.990038176061 1 1
0.146652320562 0 0
0.085241865865 0 0
0.104239669083 0 0
0.158393071312 0 0
0.083923626786 0 0
0.112628063144 0 0
0.128041907241 0 0
0.569837656413 1 1
0.471717710680 0 1
0.412523778076 0 0
0.179647345496 0 0
0.150549035659 0 0
0.081336862313 0 0
0.627574595480 1 0
0.194931838844 0 0
0.079517850486 0 0
0.498616986464 0 0
0.825949192929 1 0
0.636961225952 1 1
0.094836254037 0 0
0.090222019988 0 0
0.209052650474 0 0
0.153123518729 0 0
0.996839172560 1 1
0.134256521739 0 0
0.144635515185 0 0
0.146403703924 0 0
0.120519540299 0 0
0.057345926472 0 0
0.993065682315 1 1
0.399353622653 0 1
0.452712228084 0 1
0.987886428223 1 1
0.123944423820 0 0
0.091902751233 0 0
0.828226530225 1 1
0.694175691435 1 1
0.135441275072 0 0
0.555446222513 1 0
0.150052767941 0 0
0.888217803512 1 1
0.225841322440 0 0
0.180363471519 0 0
0.110586604692 0 0
0.906597569488 1 1
0.841467930053 1 1
0.144913781410 0 0
0.168214873091 0 0
0.066261637046 0 0
0.298556964800 0 0
0.077343871067 0 0
0.249936833000 0 0
0.044377485708 0 0
0.180043600537 0 0
0.123777487352 0 0
0.420377686897 0 1
0.161592088214 0 0
0.271645191325 0 0
0.118416648742 0 0
0.056593607211 0 0
0.173017083872 0 0
0.425400728669 0 1
0.092621429191 0 0
0.066940704920 0 0
0.589217186551 1 1
0.329648725058 0 0
0.234550175340 0 0
0.116493825078 0 0
0.238885633299 0 0
0.137922615699 0 0
0.994004241362 1 1
0.205060931608 0 0
0.136898529299 0 0
0.352771338585 0 1
0.401814202222 0 0
0.315423382860 0 0
0.376034971584 0 1
0.101684661755 0 0
0.074191234092 0 0
0.150766400509 0 0
0.162882293010 0 0
0.084318084325 0 0
0.050553775117 0 0
0.669914255844 1 0
0.073195359491 0 0
0.694489695691 1 1
0.172093117458 0 0
0.092378268751 0 0
0.143924680841 0 0
0.634173356930 1 0
0.146613585704 0 0
0.106351776807 0 0
0.990338883066 1 1
0.063228810021 0 0
0.632766413886 1 1
0.924178820254 1 1
0.095854024056 0 0
0.313061540145 0 1
0.202939581650 0 0
0.933999728442 1 1
0.094517751399 0 0
0.079505333417 0 0
0.248935009895 0 0
0.133546750564 0 0
0.059869763285 0 0
0.347630880090 0 1
0.118642858968 0 0
0.169033442473 0 0
0.883113738165 1 1
0.271526427559 0 0
0.988096837837 1 1
0.144544930813 0 1
0.156792070639 0 0
0.309505764537 0 1
0.642718519445 1 1
0.715102742473 1 1
0.515977465925 1 1
0.110499424696 0 0
0.604443006306 1 0
0.089687627867 0 0
0.083393612900 0 0
0.100785087310 0 0
0.163006597136 0 0
0.137763517925 0 0
0.070301793371 0 0
0.078579315146 0 1
0.144978216687 0 0
0.051267297888 0 0
0.240080521149 0 0
0.999486499811 1 1
0.083587278778 0 0
0.171430688655 0 0
0.093220149098 0 0
0.148730399741 0 0
0.110110716749 0 0
0.716006601727 1 0
0.107745667735 0 0
0.996819210373 1 1
0.999915878350 1 1
0.149235255593 0 0
0.210235556089 0 1
0.046752617213 0 0
0.467308677848 0 0
0.138549018028 0 0
0.619178357808 1 0
0.776240048518 1 1
0.099294128877 0 0
0.274479864102 0 0
0.105689571986 0 0
0.415907516110 0 0
0.103748414761 0 0
0.199128181752 0 0
0.756157351791 1 1
0.723599187975 1 1
0.117992479664 0 0
0.066965565271 0 0
0.232936169680 0 1
0.131706498937 0 0
0.935271462301 1 1
0.296164291770 0 0
0.197396487278 0 0
0.474547633577 0 0
0.918926354712 1 1
0.060187788413 0 0
0.541953434765 1 1
0.130291373414 0 0
0.118635874895 0 0
0.718577524962 1 0
0.170068269088 0 1
0.107853129234 0 0
0.180867958862 0 0
0.110047036508 0 1
0.974377660778 1 1
0.085484182369 0 0
0.785511431843 1 1
0.640231826002 1 1
0.441033696380 0 0
0.574852836487 1 1
0.114326184501 0 0
0.089656005450 0 0
0.206454319060 0 0
0.683484819778 1 0
0.356749994724 0 1
0.407313169720 0 0
0.957210565009 1 1
0.367960183966 0 0
0.439297739505 0 1
0.432800555217 0 0
0.057301128742 0 0
0.119154756795 0 0
0.193699604771 0 0
0.329777655535 0 0
0.066978786895 0 0
0.124139512225 0 1
0.064821993452 0 0
0.131865378906 0 0
0.170447980981 0 0
0.608491722840 1 1
0.223544747132 0 1
0.107859807056 0 0
0.132487113323 0 0
0.057832952803 0 0
0.467339275042 0 1
0.729398756195 1 0
0.122144872427 0 0
0.154897351290 0 0
0.927131754293 1 1
0.970571337561 1 1
0.135381372984 0 0
0.339032342244 0 1
0.148440801299 0 0
0.101004771265 0 0
0.107815309197 0 0
0.488994172940 0 0
0.189322111608 0 1
0.619122090177 1 1
0.121985548935 0 1
0.158148661309 0 0
0.231758019489 0 0
0.168568641365 0 1
0.847732125007 1 1
0.050298879717 0 0
0.165578128674 0 0
0.987987284050 1 1
0.174234069538 0 0
0.370018720106 0 0
0.059014862955 0 0
0.093377095245 0 0
0.090779964303 0 0
0.062122662731 0 0
0.717555064759 1 1
0.162756081442 0 0
0.999030902577 1 1
0.534193627041 1 1
0.106302879079 0 0
0.134629441447 0 0
0.582831603050 1 0
0.186875594448 0 1
0.130783108875 0 0
0.988033575212 1 1
0.221282047227 0 0
0.119276568936 0 0
0.556686851282 1 1
0.049537239706 0 0
0.090133919390 0 1
0.322950399020 0 0
0.212903948075 0 1
0.209455224347 0 1
0.070691581603 0 0
0.149224272908 0 0
0.946804338225 1 1
0.170466323841 0 0
0.163478522768 0 1
0.840371337701 1 1
0.117147376134 0 1
0.858558534089 1 1
0.349985152084 0 0
0.153285110994 0 0
0.088905125335 0 0
0.229118647481 0 0
0.290295829768 0 1
0.359284836197 0 0
0.542698124114 1 1
0.178232800208 0 0
0.139081152329 0 0
0.760739272707 1 1
0.119849780930 0 0
0.554736985893 1 1
0.166900716341 0 0
0.123773478826 0 0
0.097354724576 0 0
0.334042266052 0 0
0.275457350585 0 1
0.561148561206 1 0
0.182761342508 0 1
0.053129280848 0 1
0.186601779992 0 0
0.038514785842 0 0
0.386003891366 0 1
0.071966917830 0 0
0.099352646083 0 0
0.119839582607 0 0
0.091850962119 0 0
0.142468550584 0 0
0.064249601729 0 1
0.969491091943 1 1
0.127074456753 0 0
0.117848487293 0 1
0.477483955187 0 1
0.315444584782 0 0
0.666684576619 1 1
0.280057857375 0 1
0.519749023806 1 1
0.205892493207 0 1
0.236419946628 0 1
0.128709126058 0 0
0.127199937372 0 0
0.236231080680 0 0
0.492769777588 0 1
0.143325313483 0 1
0.161735028393 0 0
0.114615285304 0 0
0.154738154879 0 0
0.914202266103 1 0
0.138174082805 0 1
0.302021958001 0 0
0.099476204492 0 1
0.077012659783 0 0
0.089419216589 0 0
0.406130043799 0 1
0.043944450874 0 0
0.165444905635 0 0
0.576103715779 1 1
0.153882066799 0 0
0.490333508373 0 1
0.087316461673 0 1
0.080173424863 0 0
0.146534875864 0 0
0.130310112290 0 0
0.729578784872 1 0
0.985047068478 1 1
0.363013232590 0 0
0.062815560673 0 0
0.411476102772 0 0
0.268497552706 0 0
0.117958359807 0 0
0.276114574235 0 1
0.309888091025 0 0
0.161624176819 0 0
0.927119852586 1 0
0.432680851084 0 0
0.987439193082 1 1
0.537369738179 1 1
0.074106086401 0 0
0.092036844642 0 0
0.066715999405 0 0
0.432991079264 0 0
0.270227280461 0 0
0.109713426056 0 0
0.114604484012 0 1
0.979716460330 1 1
0.408162922415 0 0
0.113471275852 0 0
0.286071097049 0 0
0.158178618104 0 0
0.412090160615 0 1
0.199971101319 0 0
0.881672139866 1 0
0.329745634371 0 1
0.998981351305 1 1
0.696561900973 1 0
0.241704549130 0 0
0.131656967221 0 1
0.075804621270 0 0
0.119166439607 0 1
0.155458900248 0 0
0.999873318964 1 1
0.489323199543 0 1
0.692738265691 1 1
0.999377100987 1 1
0.073336612883 0 0
0.126797254621 0 0
0.538754209695 1 1
0.427512102476 0 0
0.568860097124 1 1
0.232012609234 0 0
0.676453036400 1 1
0.255569918736 0 0
0.106348114923 0 0
0.301725219453 0 0
0.082662200704 0 0
0.452421562721 0 0
0.105787767135 0 0
0.464139929176 0 0
0.195672667796 0 0
0.063040450315 0 0
0.306966055347 0 0
0.626241751287 1 1
0.097690510417 0 0
0.157006651601 0 0
0.098594237478 0 0
0.179067081452 0 0
0.192689045737 0 0
0.075155210802 0 1
0.717704233585 1 1
0.339657672962 0 0
0.088770093396 0 0
0.919870486981 1 1
0.539702831933 1 1
0.105163343156 0 0
0.704873135604 1 0
0.145755791858 0 0
0.999859776959 1 1
0.095491038166 0 1
0.989308900621 1 1
0.354783879398 0 0
0.237981046796 0 0
0.084165229773 0 0
0.102514604782 0 0
0.572765490497 1 0
0.231476404317 0 0
0.127683154640 0 0
0.328593533249 0 0
0.241613421019 0 0
0.083859035061 0 0
0.091363664633 0 0
0.133638651996 0 0
0.522515348428 1 1
0.352546340886 0 0
0.097475381784 0 0
0.733536221445 1 1
0.058708240862 0 0
0.957198508113 1 1
0.175986673801 0 0
0.306435712626 0 1
0.219950165045 0 0
0.114287740231 0 0
0.174022756520 0 0
0.286146794657 0 1
0.272052726272 0 1
0.085190365143 0 0
0.503224911062 1 0
0.173294696461 0 0
0.815907620732 1 1
0.117852623086 0 0
0.913208879123 1 1
0.126602196000 0 0
0.302559036585 0 0
0.124617795267 0 0
0.996796698535 1 1
0.193507515379 0 0
0.175171095273 0 0
0.845324996496 1 1
0.050495916850 0 0
0.080527925726 0 0
0.177739056811 0 0
0.106494014782 0 0
0.259811967345 0 1
0.991159711248 1 1
0.090394832726 0 0
0.513669698818 1 1
0.533356206217 1 1
0.094919195931 0 0
0.624186685234 1 1
0.155781048288 0 0
0.180309280448 0 0
0.995607836226 1 1
0.088309939911 0 0
0.103809153404 0 0
0.187360029976 0 1
0.168520644621 0 0
0.205696141250 0 0
0.123309992298 0 0
0.412560892834 0 0
0.155332858618 0 0
0.215227108701 0 0
0.078109448319 0 0
0.507030644482 1 1
0.538279907305 1 0
0.085424308772 0 0
0.083606314020 0 0
0.154429926136 0 0
0.044073105709 0 0
0.530221981359 1 1
0.131038625933 0 0
0.062164188297 0 0
0.280971500031 0 0
0.384280338206 0 1
0.555956939845 1 0
0.185918817151 0 0
0.100495805088 0 0
0.122374047473 0 0
0.067660647979 0 0
0.084936643070 0 0
0.713774740646 1 0
0.268426146390 0 1
0.662955209141 1 1
0.074716377832 0 0
0.243059639937 0 0
0.126102956266 0 0
0.298638254505 0 0
0.513780481544 1 1
0.164236666803 0 1
0.600573041290 1 1
0.072485997176 0 0
0.292663184892 0 0
0.927454224308 1 1
0.489824161218 0 1
0.134783651603 0 0
0.124164737755 0 0
0.067944710133 0 0
0.210118635792 0 0
0.441419213506 0 1
0.138068970834 0 0
0.263760123617 0 0
0.080778716111 0 0
0.970274872581 1 1
0.234504865247 0 1
0.380379580276 0 0
0.947190360088 1 1
0.592814435865 1 0
0.624483651913 1 0
0.297872992827 0 1
0.355344476903 0 0
0.081939089968 0 0
0.123421242515 0 0
0.297848922287 0 0
0.061602441334 0 1
0.149522727400 0 0
0.190454727231 0 0
0.357324868357 0 1
0.085167876942 0 0
0.193775376568 0 0
0.140187429657 0 0
0.146545347212 0 1
0.997649990607 1 1
0.153193334520 0 0
0.708576675838 1 1
0.314041711856 0 0
0.900824069985 1 1
0.106184682624 0 0
0.141873420971 0 0
0.686598836290 1 1
0.438523939319 0 1
0.063770552408 0 0
0.681634904157 1 1
0.148977595895 0 0
0.404167766175 0 1
0.038025839496 0 0
0.132530105134 0 0
0.266986937727 0 0
0.215887462290 0 0
0.172187308836 0 0
0.104459743583 0 0
0.234543606222 0 1
0.106061737281 0 0
0.052757974185 0 0
0.768002175363 1 1
0.630113077195 1 1
0.998979707640 1 1
0.386049362984 0 0
0.704980486474 1 1
0.482944715848 0 1
0.593314790508 1 1
0.984749354903 1 1
0.111155783763 0 0
0.995981111386 1 1
0.270305085793 0 0
0.117147376134 0 1
0.411435378426 0 0
0.290534162455 0 0
0.102312197181 0 0
0.320499588709 0 1
0.142557472888 0 0
0.069963659897 0 0
0.102231526171 0 0
0.342228073941 0 0
0.057062915741 0 0
0.783121126796 1 1
0.109588653820 0 0
0.143678181654 0 0
0.128621349164 0 0
0.518806755978 1 1
0.169394859854 0 0
0.131252922345 0 0
0.998169741202 1 1
0.300718400438 0 0
0.934306597558 1 1
0.259937696020 0 0
0.187074808541 0 0
0.074989155061 0 0
0.499359378777 0 0
0.438957029967 0 0
0.334941405405 0 0
0.942277763807 1 1
0.625978965925 1 0
0.466073080091 0 1
0.348339100851 0 0
0.145070784724 0 1
0.102948629943 0 0
0.381735331036 0 0
0.858717592394 1 0
0.984922039652 1 1
0.393380325997 0 0
0.371155255998 0 1
0.278779907496 0 0
0.106363654984 0 0
0.298027127063 0 0
0.316694507513 0 0
0.134528510627 0 0
0.102756624716 0 0
0.209576150422 0 0
0.336114242707 0 1
0.141647758506 0 0
0.056936279222 0 0
0.261901532994 0 1
0.368550445862 0 0
0.709278332882 1 0
0.707005490602 1 1
0.317247652244 0 0
0.075267398485 0 0
0.074480333566 0 1
0.123743001391 0 1
0.417569314810 0 0
0.187253808785 0 0
0.230858785093 0 0
0.210874269832 0 0
0.105042460723 0 0
2246 607
0.632344033919
