1 441.993148076289 1036 130
2 252.020000417664 1107 59
3 188.901913212933 1126 40
4 155.547672908882 1132 34
5 134.934131755336 1134 32
6 120.897592920668 1137 29
7 110.685074841104 1138 28
8 102.890516632540 1139 27
9 96.723067800029 1140 26
10 91.704300657362 1140 26
0.014344516667 0 0
0.965847355459 1 1
0.005430901155 0 0
0.266915999486 0 0
0.001197838212 0 0
0.943701692524 1 1
0.104361782879 0 0
0.005600483359 0 0
0.995972877763 1 1
0.006567579018 0 0
0.034849282449 0 0
0.957791113296 1 1
0.991016495419 1 1
0.006828228987 0 0
0.059537174286 0 0
0.297651856628 0 0
0.956195777246 1 1
0.006121607791 0 0
0.025931489412 0 0
0.010141379718 0 0
0.118681943713 0 0
0.076481727764 0 0
0.967475292971 1 1
0.004089013255 0 0
0.046436792109 0 0
0.987765625567 1 1
0.971309900537 1 1
0.994013810263 1 1
0.921148050029 1 1
0.008881396385 0 0
0.993312458770 1 1
0.045878806542 0 0
0.035201858723 0 0
0.986141531439 1 1
0.035604336918 0 0
0.104589291658 0 0
0.001011092553 0 0
0.000649369204 0 0
0.952946952433 1 1
0.874068126562 1 1
0.021142735552 0 0
0.568273282788 1 0
0.007550740932 0 0
0.014265174388 0 0
0.034953094867 0 0
0.991069051543 1 1
0.233170969373 0 0
0.939946226286 1 1
0.027113843229 0 0
0.990075886194 1 1
0.010477931957 0 0
0.934425605882 1 1
0.015184560608 0 0
0.020254190945 0 0
0.978732034536 1 1
0.958704279480 1 1
0.014953649142 0 0
0.834280630687 1 1
0.091142338453 0 0
0.932572461014 1 1
0.022742490596 0 0
0.019646335824 0 0
0.824437531532 1 1
0.219180553652 0 0
0.003551149878 0 0
0.963664063164 1 1
0.969288456951 1 1
0.011178070121 0 0
0.109624329818 0 0
0.938711021179 1 1
0.007797654311 0 0
0.162599224578 0 0
0.027301971830 0 0
0.973941640941 1 1
0.044392857510 0 0
0.046066958707 0 0
0.953193552257 1 1
0.994018057737 1 1
0.000918462009 0 0
0.771184688748 1 1
0.023894163207 0 0
0.018820491447 0 0
0.043097770469 0 0
0.127283010988 0 0
0.045550217238 0 0
0.022530058829 0 0
0.981641010724 1 1
0.989935026903 1 1
0.000629952427 0 0
0.007020300493 0 0
0.000096664496 0 0
0.981170689210 1 1
0.968144547160 1 1
0.673929997545 1 1
0.878774989551 1 1
0.021951370687 0 0
0.978566559887 1 1
0.027616512376 0 0
0.952229911574 1 1
0.016638109461 0 0
0.001192134967 0 0
0.993820422885 1 1
0.816644838872 1 1
0.113768959276 0 0
0.928913565424 1 1
0.915067330587 1 1
0.937350191940 1 1
0.030719992855 0 0
0.986373859033 1 1
0.001549825111 0 0
0.000722635569 0 0
0.007894952168 0 0
0.924242139095 1 1
0.006652098221 0 0
0.958944581424 1 1
0.456431751621 0 1
0.952107774895 1 1
0.000308857477 0 0
0.020996387608 0 0
0.984074668703 1 1
0.929343962713 1 1
0.007904132976 0 0
0.991214142327 1 1
0.966768854089 1 1
0.194148005098 0 0
0.001056194556 0 0
0.985060547664 1 1
0.958105022425 1 1
0.028172718857 0 0
0.970121664521 1 1
0.857103099190 1 1
0.950719271948 1 1
0.013783074959 0 0
0.956212233976 1 1
0.052043344226 0 0
0.046405556187 0 0
0.108872934714 0 0
0.986349066651 1 1
0.004984299381 0 0
0.666567845900 1 0
0.982884175701 1 1
0.949153230572 1 1
0.899699183184 1 1
0.007822149417 0 0
0.009222743163 0 0
0.002925080119 0 0
0.003490244543 0 0
0.027668101321 0 0
0.006717412020 0 0
0.983517797763 1 1
0.019488938921 0 0
0.002880750829 0 0
0.945656615799 1 1
0.000263298701 0 0
0.031227467753 0 0
0.027335465955 0 0
0.811989748420 1 1
0.984859576312 1 1
0.940556754272 1 1
0.019224417655 0 0
0.024052657420 0 0
0.982485773555 1 1
0.016653212435 0 0
0.666567845900 1 0
0.929142958422 1 1
0.951267831106 1 1
0.177083171815 0 0
0.987075732920 1 1
0.010039663780 0 0
0.042749712207 0 0
0.994758653236 1 1
0.016213415206 0 0
0.000834226181 0 0
0.001923876638 0 0
0.878325740482 1 1
0.829172205827 1 1
0.032116160010 0 0
0.891403850869 1 1
0.014141757423 0 0
0.020335202285 0 0
0.957614938106 1 1
0.789570288079 1 1
0.609225048302 1 1
0.008722880804 0 0
0.072673598344 0 0
0.016264279924 0 0
0.006379397908 0 0
0.001367331223 0 0
0.022860961806 0 0
0.017561119939 0 0
0.878278181886 1 1
0.032099182352 0 0
0.015552364127 0 0
0.001029308386 0 0
0.992139852398 1 1
0.002802185217 0 0
0.001423569074 0 0
0.947424926706 1 1
0.016776980730 0 0
0.994772221410 1 1
0.001710475038 0 0
0.986856060800 1 1
0.884473033959 1 1
0.980644922859 1 1
0.980069028735 1 1
0.000237041621 0 0
202 4
0.977272727273
