1 176.924885531651 126 126
2 176.022127320679 127 125
3 168.693611847863 139 113
4 143.245745242071 199 53
5 115.240339560366 210 42
6 99.991295683780 215 37
7 92.619010444082 215 37
8 88.774447560827 217 35
9 86.524217943785 217 35
10 85.049332848178 216 36
11 83.975033584802 217 35
12 83.108431611700 216 36
13 82.344610461882 217 35
14 81.634601217959 218 34
15 80.967682575432 218 34
16 80.346969827785 218 34
17 79.768304065202 219 33
18 79.217431032210 219 33
19 78.677757598390 219 33
20 78.135617824372 219 33
0.866285597569 1 1
0.428829374308 0 0
0.032050673779 0 0
0.021553290169 0 1
0.154275004502 0 0
0.963537376972 1 1
0.134005931776 0 0
0.293709795021 0 0
0.960687913794 1 1
0.918146690322 1 0
0.619477646513 1 1
0.865433485558 1 1
0.033854246993 0 0
0.621746198411 1 0
0.076929923915 0 0
0.026765669078 0 0
0.632498794673 1 0
0.230486776607 0 0
0.077717967116 0 1
0.928277975928 1 1
0.898113263991 1 1
0.482958460514 0 0
0.935313279765 1 1
0.953149013248 1 1
0.975682110329 1 1
0.232223220560 0 0
0.093234013782 0 0
0.264904770642 0 1
0.936691194460 1 1
0.976379523147 1 1
0.591991562549 1 0
0.846640034896 1 1
0.216957468071 0 0
0.026473931397 0 0
0.023658502836 0 0
0.944823518527 1 1
0.065183146725 0 0
0.032208823683 0 0
0.033178283608 0 0
0.976790815919 1 1
0.827300608964 1 1
0.036601722274 0 0
0.026382037373 0 0
0.027385261869 0 0
0.973294888692 1 1
38 7
0.829268292683
