1 8571.243648227846 11898 4269
2 7247.260430154438 12828 3339
3 6806.137542929988 13138 3029
4 6489.782029891808 13340 2827
5 6285.290838652320 13481 2686
0.650821047864 1 1
0.450570397234 0 0
0.046270532278 0 0
0.545150420745 1 1
0.025459332401 0 0
0.532773116711 1 1
0.249000415426 0 0
0.572337752406 1 0
0.055004942044 0 0
0.060193129489 0 0
0.212918089946 0 0
0.267356232603 0 0
0.176379467648 0 1
0.044795846178 0 0
0.508691927200 1 1
0.305913396881 0 0
0.510875538815 1 1
0.343570203270 0 0
0.016864806878 0 0
0.783319517284 1 1
0.031428758687 0 0
0.464024039163 0 1
0.946397992273 1 1
0.046111012009 0 0
0.382960436085 0 0
0.934505329377 1 1
0.062713271250 0 0
0.272811982388 0 0
0.662132024719 1 1
0.068229922754 0 0
0.955109270815 1 1
0.223245569920 0 0
0.073915201830 0 0
0.055725783864 0 0
0.338789929645 0 1
0.180954434094 0 0
0.046071449154 0 0
0.542392240098 1 1
0.036832771599 0 0
0.228390050205 0 0
0.019784299813 0 0
0.015123802973 0 0
0.137751169753 0 0
0.329421195283 0 1
0.482164306705 0 1
0.059313151639 0 0
0.943889459355 1 1
0.216908894323 0 0
0.055377946135 0 0
0.747213155080 1 1
0.897788853721 1 1
0.052195553807 0 0
0.721161714820 1 1
0.365866606459 0 1
0.586927250268 1 1
0.062574131296 0 0
0.941754338164 1 1
0.169362574283 0 0
0.945041939567 1 1
0.433195157563 0 0
0.045907177805 0 0
0.102009406370 0 1
0.211374342988 0 1
0.011300615048 0 0
0.108851852281 0 0
0.653531315455 1 1
0.302678842020 0 0
0.312821870091 0 0
0.156831150512 0 0
0.158071306668 0 0
0.056344061691 0 0
0.126539491500 0 0
0.109343903952 0 0
0.123411246191 0 0
0.801401627194 1 1
0.205645883595 0 0
0.532162407661 1 0
0.968961337226 1 1
0.121076658836 0 0
0.152147146521 0 0
0.844200242195 1 1
0.447754516856 0 1
0.969983860010 1 1
0.038616790702 0 1
0.929038150583 1 1
0.313929384122 0 0
0.633330634945 1 1
0.012915830014 0 0
0.198865010982 0 1
0.025677858428 0 0
0.873047690946 1 1
0.084718729468 0 0
0.951220054371 1 1
0.944649610809 1 1
0.008425831291 0 0
0.162185837870 0 1
0.896490710779 1 1
0.117643645281 0 0
0.073609128298 0 0
0.322042887555 0 0
0.179810597677 0 0
0.034628561242 0 0
0.304506629390 0 0
0.977408819317 1 1
0.080040715400 0 0
0.427137327096 0 0
0.154622084041 0 0
0.059417649423 0 0
0.014482441848 0 0
0.943218177793 1 1
0.233428168908 0 0
0.043376510228 0 0
0.677396772908 1 1
0.976279997090 1 1
0.155788712485 0 0
0.328025690353 0 1
0.035257406947 0 0
0.206723099606 0 0
0.214176286324 0 0
0.063332504568 0 0
0.020385026769 0 0
0.301332538124 0 1
0.403713728437 0 0
0.230732880044 0 1
0.402762192180 0 1
0.966972654670 1 1
0.199927434950 0 1
0.920953171522 1 1
0.364304111550 0 1
0.009331094100 0 0
0.150489416939 0 0
0.217571659861 0 0
0.030295742017 0 0
0.426653129205 0 1
0.558670923668 1 0
0.897102683401 1 1
0.418501152544 0 1
0.261765189990 0 0
0.096794179523 0 1
0.097350745792 0 0
0.038095484701 0 0
0.448627881252 0 0
0.011481167812 0 0
0.112833106377 0 0
0.400035760120 0 1
0.212697938999 0 0
0.594115828314 1 1
0.054212723243 0 0
0.976106697732 1 1
0.135133667090 0 0
0.088308782018 0 0
0.850008283630 1 0
0.104112250042 0 0
0.568996044191 1 1
0.229475169751 0 0
0.368776788315 0 1
0.343941419882 0 0
0.276548619154 0 0
0.239052179745 0 0
0.052899701767 0 0
0.021014610422 0 0
0.185819876953 0 0
0.040951539114 0 0
0.060788303374 0 0
0.665898451018 1 1
0.095862292421 0 0
0.092122543638 0 0
0.057179035237 0 0
0.725059642455 1 1
0.048241509221 0 0
0.037624334504 0 0
0.307178900394 0 0
0.508451437174 1 0
0.057582337329 0 0
0.119596162007 0 0
0.045073382498 0 0
0.159685892726 0 1
0.754970407593 1 1
0.295622747357 0 0
0.009004388544 0 0
0.044937165277 0 0
0.577516065564 1 1
0.225527764027 0 0
0.054173514901 0 0
0.079704022300 0 0
0.027968668577 0 0
0.035814119850 0 0
0.175516017732 0 0
0.540388514320 1 1
0.514952267963 1 0
0.932359103401 1 1
0.288721624018 0 0
0.967704620798 1 1
0.148507373167 0 0
0.339781010533 0 0
0.070033060138 0 0
0.025407302687 0 0
0.210592490640 0 0
0.088173661969 0 1
0.873219386386 1 1
0.765926336088 1 1
0.065485987234 0 0
0.040406783332 0 0
0.144670998909 0 1
0.217177915062 0 0
0.260408547470 0 1
0.011518683016 0 0
0.551177727309 1 1
0.238185858349 0 0
0.796434868477 1 1
0.050917513374 0 1
0.549520787804 1 1
0.067690386107 0 1
0.913794832896 1 1
0.976125651349 1 1
0.016254809124 0 0
0.214529296081 0 0
0.007770453807 0 0
0.015718875238 0 0
0.195844705525 0 1
0.027111180347 0 0
0.474533758105 0 1
0.338532204836 0 0
0.151022191532 0 0
0.043309722866 0 0
0.399228747113 0 1
0.442777946740 0 0
0.017917497327 0 0
0.559167018748 1 1
0.432534422457 0 1
0.978283210698 1 1
0.070185672386 0 0
0.844500332396 1 1
0.190125509614 0 0
0.025695378876 0 0
0.050683874412 0 0
0.098745355271 0 0
0.110764775374 0 0
0.091900557945 0 0
0.821894177296 1 1
0.519536926401 1 1
0.269650041033 0 0
0.348855602537 0 0
0.014559472302 0 1
0.441528359009 0 1
0.396299611577 0 1
0.263779131705 0 1
0.058132016316 0 0
0.054520999794 0 0
0.293760786238 0 0
0.111508660150 0 0
0.116631287863 0 0
0.040080880915 0 0
0.106074175992 0 1
0.220342814058 0 1
0.071809256951 0 0
0.100349734673 0 0
0.739471427187 1 1
0.202136648037 0 1
0.098774245138 0 0
0.960334683366 1 1
0.374787787702 0 0
0.008456526685 0 0
0.927559025852 1 1
0.054929424991 0 0
0.413171835236 0 0
0.027079712264 0 0
0.180941785504 0 1
0.082948031250 0 0
0.027076305809 0 0
0.088783798119 0 0
0.141796992237 0 0
0.156705537095 0 0
0.034649188325 0 0
0.316543599074 0 0
0.025970886445 0 0
0.169142059523 0 0
0.465187758625 0 0
0.106150889210 0 0
0.105101989849 0 0
0.019355741021 0 0
0.159143273115 0 0
0.304089532164 0 1
0.373648987986 0 1
0.170028118546 0 0
0.315179726824 0 1
0.140437229289 0 0
0.053518823649 0 0
0.959263803451 1 1
0.322929527456 0 1
0.509956329612 1 1
0.710562143374 1 0
0.461532567492 0 0
0.131219081886 0 0
0.704354629188 1 1
0.013393943532 0 0
0.430150653942 0 0
0.225110867604 0 0
0.775207829727 1 1
0.833233396508 1 1
0.117277738689 0 0
0.044936577602 0 0
0.037183122179 0 0
0.035639374354 0 0
0.428088187649 0 0
0.148070518886 0 0
0.084957264721 0 0
0.764337032813 1 1
0.103830776995 0 0
0.136311195541 0 0
0.045177843001 0 0
0.454867859980 0 0
0.020014511879 0 0
0.182930954487 0 1
0.870994840665 1 1
0.211900958356 0 0
0.129780646505 0 0
0.974239416605 1 1
0.909452797158 1 1
0.166223065376 0 0
0.978965371797 1 1
0.971086687719 1 1
0.095103154522 0 0
0.042568520843 0 0
0.063406911952 0 1
0.954733734974 1 1
0.008847755067 0 0
0.978221702305 1 1
0.035383070605 0 0
0.012069965775 0 0
0.343843933263 0 1
0.771356958674 1 1
0.175541676011 0 1
0.428688759871 0 0
0.194110099174 0 0
0.055582729389 0 0
0.065942548806 0 0
0.227225248922 0 1
0.715714595113 1 1
0.456272754867 0 0
0.040941352650 0 0
0.579522438414 1 0
0.616328813149 1 1
0.638943655435 1 0
0.059114329274 0 0
0.101825756266 0 1
0.376320130396 0 0
0.129631007659 0 0
0.574671959352 1 1
0.013018489610 0 0
0.430675962767 0 0
0.087048862426 0 0
0.383740226263 0 1
0.347629546550 0 0
0.958119988806 1 1
0.201986608145 0 0
0.410672798104 0 0
0.846622209262 1 1
0.971219907897 1 1
0.095337709840 0 0
0.609388631176 1 1
0.103808625260 0 0
0.962648933455 1 1
0.743437223479 1 0
0.078859504956 0 0
0.342430021762 0 0
0.281442874843 0 0
0.041513408040 0 0
0.094630765159 0 0
0.067996631244 0 0
0.134576792444 0 0
0.279830678337 0 1
0.084646825895 0 0
0.779105776539 1 1
0.120813191069 0 0
0.040041171376 0 0
0.151483196167 0 0
0.612637599152 1 1
0.045621496048 0 0
0.034072206204 0 1
0.024137611463 0 0
0.976615416360 1 1
0.975627835541 1 1
0.942858822433 1 1
0.063588891811 0 0
0.244568670131 0 1
0.956564570619 1 1
0.969234621421 1 1
0.539369530953 1 1
0.029550673543 0 0
0.699102481526 1 1
0.723318724373 1 1
0.161849586179 0 0
0.980892030182 1 1
0.080412358692 0 0
0.220425074245 0 0
0.182891589209 0 0
0.316448811824 0 0
0.972435763309 1 1
0.962748021685 1 1
0.400106232252 0 0
0.122109310509 0 0
0.140418503978 0 0
0.981207573315 1 1
0.027527237908 0 0
0.885331514805 1 1
0.080878945052 0 1
0.294098426327 0 1
0.175767633812 0 0
0.956415826282 1 1
0.652364559911 1 0
0.922121934196 1 1
0.042391256756 0 0
0.029683565890 0 0
0.514192401942 1 0
0.073574020126 0 1
0.511475020769 1 1
0.465350424052 0 1
0.372110415502 0 1
0.061462794680 0 0
0.118967549203 0 0
0.797452414499 1 1
0.968175813603 1 1
0.488822571080 0 0
0.232321799723 0 0
0.611808893968 1 1
0.121390969133 0 0
0.321807920469 0 0
0.248634979735 0 0
0.468496424657 0 0
0.020313611657 0 0
0.089417358835 0 1
0.135575335430 0 0
0.576746415774 1 1
0.123812770798 0 0
0.055770822760 0 0
0.027224577858 0 0
0.328039311089 0 0
0.163579267795 0 0
0.284759559037 0 0
0.191117994007 0 0
0.153380267678 0 1
0.535290588082 1 0
0.293945791893 0 1
0.073297942213 0 0
0.032290563442 0 0
0.130299410578 0 0
0.625318738185 1 1
0.110358405575 0 0
0.186752669824 0 0
0.202793097214 0 0
0.035502274847 0 0
0.126842677838 0 0
0.231690901231 0 0
0.929790100979 1 0
0.063990356859 0 0
0.557207307516 1 1
0.076606029938 0 0
0.155043949954 0 0
0.076624870576 0 0
0.452171784313 0 1
0.581896994289 1 1
0.097412547961 0 0
0.472718495671 0 1
0.159584315254 0 0
0.954690523880 1 1
0.379273631709 0 1
0.014502159613 0 0
0.890797765263 1 1
0.007944466574 0 0
0.266654012746 0 0
0.041552011558 0 0
0.408662292995 0 0
0.037495953458 0 0
0.562402632450 1 0
0.205216320762 0 1
0.399164349840 0 0
0.896514599221 1 1
0.232649361731 0 1
0.107488320562 0 0
0.969818351219 1 1
0.944174035536 1 1
0.750867510727 1 1
0.757118952709 1 0
0.351086594024 0 1
0.085301898951 0 0
0.418793659625 0 0
0.404214015341 0 1
0.040382204304 0 0
0.311223596174 0 0
0.069676850956 0 0
0.416991334653 0 0
0.763420215562 1 1
0.921294730661 1 1
0.022038210279 0 0
0.585801251607 1 1
0.109118376586 0 0
0.147863831030 0 0
0.969311508584 1 1
0.875608062521 1 0
0.072798969524 0 0
0.946264377950 1 1
0.045420862709 0 0
0.040457054100 0 0
0.203989249880 0 0
0.574725526770 1 1
0.687977862083 1 1
0.142067296256 0 0
0.127785451138 0 0
0.595264852780 1 0
0.063760110777 0 0
0.019819585039 0 0
0.193864532552 0 1
0.016056227182 0 0
0.042981813331 0 0
0.788846597018 1 1
0.074981624908 0 0
0.018551168889 0 0
0.862079961092 1 1
0.241555090036 0 0
0.202794600052 0 0
0.198820229542 0 0
0.522851164852 1 0
0.026825333686 0 0
0.297215084638 0 0
0.155433491712 0 1
0.110712089033 0 1
0.684876042846 1 1
0.917922736684 1 1
0.103985318279 0 1
0.030697635537 0 0
0.125686996956 0 0
0.271592277255 0 1
0.125940701552 0 1
0.098221843398 0 0
0.020929364161 0 0
0.041876289470 0 0
0.265718099711 0 0
0.037423085067 0 0
0.073881698611 0 0
0.976474351763 1 1
0.024880381179 0 0
0.126728156183 0 0
0.065296985493 0 0
0.009575372808 0 0
0.100893219201 0 0
0.072668097780 0 0
0.550358161666 1 0
0.082971517109 0 0
0.309732957165 0 0
0.103704609460 0 0
0.094742636596 0 0
0.009036495734 0 0
0.099439698224 0 0
0.023663382482 0 0
0.226314800951 0 0
0.028575267669 0 0
0.638846610113 1 0
0.886548399367 1 0
0.036905117143 0 0
0.256517474835 0 1
0.012354667407 0 0
0.008663227847 0 0
0.887327704064 1 1
0.863762112931 1 1
0.222354922221 0 0
0.140274158909 0 0
0.242067877024 0 0
0.083098864312 0 0
0.207002809839 0 0
0.731850848249 1 1
0.536615992571 1 1
0.027216194048 0 0
0.033060330907 0 0
0.223869157473 0 0
0.512968792994 1 1
0.952665678987 1 1
0.493381358199 0 0
0.477986129047 0 1
0.980618570587 1 1
0.193246660382 0 0
0.326821061952 0 0
0.074853970049 0 0
0.123356486370 0 0
0.114567653092 0 1
0.474785901459 0 0
0.203710629439 0 0
0.202665257987 0 1
0.061891119448 0 0
0.967760642946 1 1
0.178651326645 0 1
0.775607899950 1 1
0.773239240314 1 1
0.963529937032 1 1
0.260304677280 0 0
0.070718961007 0 0
0.978496855519 1 1
0.329700432885 0 1
0.240926360408 0 0
0.012612344720 0 0
0.700868114857 1 1
0.170207563705 0 1
0.379016906887 0 0
0.401008249090 0 1
0.028869034481 0 0
0.227904348513 0 0
0.035373166670 0 0
0.459223640070 0 1
0.458738348643 0 0
0.427044833773 0 0
0.239569210443 0 0
0.962784496969 1 1
0.055806278224 0 0
0.024656700104 0 0
0.309275835626 0 0
0.890565531492 1 1
0.108085847729 0 0
0.036495639815 0 0
0.075941312647 0 0
0.032430523863 0 0
0.201195304160 0 1
0.158920593204 0 0
0.125549236972 0 0
0.843481087452 1 1
0.098134886320 0 0
0.405927372277 0 0
0.181042499321 0 0
0.656105567536 1 0
0.927096077664 1 1
0.007384838497 0 0
0.119068190189 0 0
0.039235043180 0 0
0.057468754913 0 0
0.084273715180 0 0
0.200864791946 0 0
0.053782204478 0 0
0.172762764494 0 0
0.824122470976 1 1
0.378268406514 0 1
0.444036335210 0 0
0.979275462032 1 1
0.087890705524 0 0
0.317128163150 0 0
0.181216273992 0 0
0.021875464239 0 0
0.060266813634 0 1
0.063109709127 0 0
0.138315653966 0 0
0.408026917681 0 0
0.729622430181 1 1
0.131709312242 0 0
0.971645561359 1 1
0.299999281053 0 1
0.643664994723 1 1
0.023446536683 0 0
0.054266837519 0 0
0.388070474085 0 0
0.062931048762 0 1
0.898418933995 1 1
0.259800050090 0 0
0.083144352035 0 1
0.022015181805 0 0
0.086384498397 0 0
0.110307478071 0 0
0.259553288521 0 0
0.147818347439 0 1
0.571455091572 1 1
0.025306226165 0 0
0.596734229573 1 1
0.270338241613 0 0
0.239083990330 0 0
0.980896267501 1 1
0.443841541554 0 1
0.337811720007 0 1
0.204611771160 0 0
0.474141207877 0 1
0.239314452054 0 0
0.091820959996 0 0
0.140935946723 0 0
0.532472226806 1 1
0.037881880471 0 0
0.851776048732 1 1
0.022722011649 0 0
0.975735502971 1 1
0.029441279114 0 0
0.259503419784 0 0
0.106439155824 0 0
0.972639806808 1 1
0.263579535888 0 1
0.939686963812 1 1
0.041831871112 0 0
0.021807820526 0 0
0.402202406919 0 0
0.116302639957 0 0
0.611401485743 1 1
0.955056060211 1 1
0.740694591181 1 1
0.330723888622 0 0
0.633594401883 1 1
0.979041103991 1 1
0.805825077975 1 1
0.298369372299 0 1
0.127308055331 0 0
0.035971143041 0 0
0.438762184615 0 1
0.133132568211 0 0
0.755893528101 1 1
0.076308611679 0 0
0.030514857013 0 0
0.148223512111 0 0
0.218025251931 0 0
0.044740492447 0 0
0.425995889800 0 1
0.379283577043 0 1
0.154005647543 0 0
0.665554138234 1 1
0.031629634535 0 0
0.657543122589 1 1
0.049182271261 0 0
0.966971104930 1 1
0.079687023226 0 0
0.353567892649 0 0
0.438717253138 0 1
0.018374356138 0 0
0.361524084969 0 0
0.891879636440 1 1
0.066102049885 0 0
0.240899685529 0 1
0.305806926914 0 0
0.022787408680 0 0
0.216453589231 0 0
0.192206910269 0 1
0.926600514984 1 1
0.056650384768 0 0
0.511777823529 1 1
0.400653595932 0 0
0.071555329137 0 0
0.126856546765 0 0
0.163943102839 0 0
0.656318217029 1 1
0.258004929140 0 0
0.097318768247 0 1
0.882894458382 1 1
0.633969955366 1 1
0.220697682462 0 0
0.396647331841 0 1
0.091555188020 0 0
0.458822219190 0 0
0.075350299547 0 0
0.901524653678 1 1
0.582117118786 1 1
0.010555942226 0 0
0.178366520275 0 0
0.032469819310 0 0
0.094263859026 0 0
0.238837506885 0 0
0.930267249413 1 1
0.316684026766 0 1
0.195034781174 0 0
0.145679186128 0 0
0.108417932771 0 0
0.140887187153 0 0
0.083199357121 0 0
0.077275554632 0 0
0.136237648883 0 0
0.019346060547 0 0
0.227684608707 0 0
0.975307981276 1 1
0.010618624493 0 0
0.158118938586 0 0
0.477807466538 0 1
0.020824203676 0 0
0.154461176728 0 0
0.386043191893 0 0
0.325164513873 0 0
0.432204860456 0 0
0.924740388862 1 1
0.026079042949 0 0
0.305367929703 0 1
0.153665704020 0 0
0.191044274871 0 0
0.006512553211 0 1
0.032266837763 0 0
0.265211916782 0 1
0.130269435607 0 0
0.131847790696 0 0
0.046902985280 0 0
0.970018611675 1 1
0.019147661265 0 0
0.903094790181 1 1
0.866505892885 1 1
0.504531508830 1 0
0.036978971126 0 0
0.411898308671 0 0
0.055960170473 0 0
0.291270144798 0 0
0.297881080782 0 0
0.060429106436 0 0
0.480723379082 0 0
0.067671222024 0 0
0.031224469286 0 0
0.279221434555 0 0
0.278175058205 0 0
0.152250127069 0 0
0.157556598510 0 0
0.043136984034 0 0
0.970406078127 1 1
0.972960039391 1 1
0.141999849449 0 0
0.031417881997 0 0
0.402245383935 0 0
0.191161754008 0 0
0.124738220504 0 0
0.566793086081 1 1
0.044214301329 0 0
0.557422287904 1 1
0.404552638008 0 1
0.264455420736 0 0
0.456166245367 0 0
0.229719246635 0 1
0.178749023599 0 1
0.687667311461 1 1
0.708461458202 1 1
0.035178569662 0 0
0.694549892212 1 1
0.455285398387 0 0
0.070438642383 0 0
0.969937765040 1 1
0.136512748717 0 0
0.107000239151 0 1
0.084547897423 0 0
0.968737836591 1 1
0.025033319775 0 0
0.378910643496 0 1
0.062272119205 0 0
0.563298594195 1 0
0.061886738310 0 0
0.062723488438 0 0
0.018096129253 0 0
0.105252492537 0 0
0.086646250013 0 0
0.791812616597 1 1
0.018973226397 0 0
0.525802973119 1 0
0.027905121165 0 0
0.229103456646 0 0
0.188589122567 0 0
0.024872689258 0 0
0.032660385948 0 0
0.132838349668 0 0
0.120811281446 0 0
0.067069612400 0 0
0.042584444114 0 0
0.714685072493 1 1
0.218083315872 0 0
0.042992173756 0 0
0.031627149701 0 0
0.104040056143 0 0
0.042596622274 0 0
0.014085832663 0 0
0.596437614725 1 0
0.202763923265 0 0
0.021966166640 0 0
0.211963939530 0 0
0.112587214867 0 1
0.121613369398 0 0
0.470691023361 0 1
0.639703139731 1 0
0.327728707245 0 0
0.838334573156 1 1
0.193656076906 0 0
0.034444028740 0 0
0.224836204907 0 1
0.012125937810 0 0
0.035256236941 0 0
0.978345151079 1 1
0.606966444895 1 1
0.308290622070 0 1
0.015508694207 0 0
0.333088544056 0 1
0.219145776678 0 0
0.059580628671 0 0
0.043345368690 0 0
0.029710701328 0 0
0.022081936532 0 0
0.975850564203 1 1
0.031908034170 0 0
0.139478001455 0 0
0.244425771404 0 0
0.246036895596 0 0
0.190243238538 0 0
0.881181510999 1 1
0.966865687741 1 1
0.180807699816 0 1
0.071899147521 0 0
0.488884004304 0 1
0.017098008815 0 1
0.532776002795 1 0
0.064397488459 0 0
0.511260645187 1 1
0.436324843754 0 0
0.260151720378 0 0
0.010437587963 0 0
0.973557258832 1 1
0.061916750710 0 0
0.265016115207 0 0
0.087070536325 0 0
0.653563519225 1 1
0.031564361442 0 0
0.007974033624 0 0
0.669863899350 1 1
0.281134852777 0 0
0.075563797499 0 0
0.056210800290 0 0
0.408538849928 0 0
0.473536961161 0 0
0.143555967386 0 0
0.417474449613 0 0
0.077686231691 0 0
0.915152089065 1 1
0.211057256405 0 0
0.069097667204 0 0
0.306868573485 0 0
0.973619355550 1 1
0.716241210164 1 1
0.037872477640 0 0
0.013508162203 0 0
0.053226044426 0 0
0.157583939265 0 0
0.278190105203 0 0
0.266490436941 0 0
0.078863466159 0 0
0.318857202944 0 0
0.007422476955 0 0
0.049830180484 0 0
0.311802042559 0 0
0.364293997468 0 0
0.011360244890 0 1
0.053740541293 0 0
0.168342766442 0 0
0.980550937588 1 1
0.291509486830 0 1
0.614139692108 1 1
0.034000559522 0 0
0.178991991260 0 0
0.748655108886 1 1
0.232540257892 0 1
0.354669184009 0 1
0.070247922573 0 0
0.927213082078 1 1
0.261076286965 0 0
0.173190618663 0 0
0.488800986086 0 1
0.357246452891 0 0
0.228373645506 0 0
0.400566779744 0 0
0.030502647169 0 0
0.227337850129 0 0
0.079776227128 0 0
0.010446488522 0 0
0.153569718295 0 0
0.801389007559 1 1
0.260336058614 0 0
0.111564344415 0 0
0.158177538514 0 0
0.127606756250 0 0
0.212011825617 0 0
0.194817269041 0 0
0.063423023753 0 0
0.099635495931 0 0
0.167073995933 0 0
0.569757239763 1 1
0.114507240674 0 1
0.929361557857 1 1
0.930921909964 1 1
0.139135377626 0 1
0.528307914482 1 0
0.286289148433 0 0
0.032683806928 0 0
0.013291590063 0 0
0.362940817955 0 0
0.229752118076 0 0
0.011144063555 0 0
0.713658283371 1 1
0.967164517866 1 1
0.030986883788 0 0
0.129045555795 0 0
0.132005992062 0 0
0.299669905327 0 1
0.264034411154 0 0
0.063299562595 0 0
0.051828172177 0 0
0.041902259718 0 0
0.182752966080 0 0
0.017062348146 0 0
0.016421439803 0 0
0.737133733183 1 1
0.576840787942 1 0
0.337803919418 0 0
0.249836525766 0 1
0.311513470117 0 0
0.525968503545 1 1
0.009140261011 0 0
0.225506221391 0 0
0.379240612936 0 1
0.118820098556 0 0
0.062241569739 0 0
0.708565675543 1 0
0.215228212490 0 0
0.385249406077 0 1
0.072552212936 0 0
0.089806485725 0 0
0.028244400534 0 0
0.016942875323 0 0
0.127431875523 0 0
0.093590905296 0 0
0.363126071434 0 0
0.066220556468 0 0
0.078801565632 0 0
0.700428423043 1 1
0.804373609077 1 0
0.040941080344 0 0
0.842013031728 1 1
0.952603210414 1 1
0.503589551397 1 1
0.047272642867 0 0
0.861690562869 1 1
0.138823944253 0 0
0.902392437310 1 1
0.088533825480 0 0
0.922115270390 1 1
0.044474576777 0 0
0.063205186138 0 0
0.066726880948 0 1
0.063007782165 0 0
0.090593487525 0 0
0.178598478601 0 0
0.099334092136 0 0
0.089132403693 0 0
0.016584192508 0 0
0.073640055650 0 0
0.385928445612 0 0
0.046644007841 0 0
0.727445229166 1 1
0.077034378619 0 0
0.027879160779 0 0
0.077055972888 0 0
0.058436481889 0 0
0.852226544479 1 1
0.428990946691 0 1
0.222616241259 0 1
0.286801589827 0 1
0.075541032485 0 0
0.178902428586 0 0
0.553828069108 1 1
0.288445436983 0 0
0.299318935297 0 1
0.374938378750 0 0
0.218835879189 0 1
0.527163502548 1 0
0.036827674633 0 0
0.178664035511 0 1
0.026095628639 0 0
0.025611292120 0 0
0.283734430577 0 0
0.174254130931 0 1
0.340000787460 0 1
0.227537554866 0 0
0.509881198555 1 1
0.086039392852 0 0
0.147496075260 0 0
0.023550556110 0 0
0.409811811074 0 0
0.018194147247 0 0
0.177545511766 0 0
0.183430512888 0 0
0.092033334012 0 0
0.037060583474 0 0
0.891366373911 1 1
0.267666017467 0 1
0.786062287176 1 1
0.974266251617 1 1
0.340207325318 0 0
0.035011432093 0 0
0.357545672343 0 0
0.513614176161 1 0
0.282990081816 0 0
0.033131736322 0 0
0.152118802557 0 0
0.154737335762 0 1
0.627245920166 1 1
0.217848267216 0 0
0.053983877786 0 0
0.520152360595 1 1
0.046436492925 0 0
0.937899056110 1 1
0.053776504895 0 0
0.967120896244 1 1
0.039053825120 0 0
0.042688924574 0 0
0.011172227889 0 0
0.667507351447 1 0
0.926658104090 1 1
0.375074263082 0 1
0.175612036408 0 0
0.107443030021 0 0
0.979580941673 1 1
0.125304152718 0 0
0.014114407172 0 0
0.214809132202 0 0
0.023908093730 0 0
0.177513204664 0 0
0.077691926197 0 0
0.009571113928 0 0
0.297176928573 0 0
0.297678104170 0 0
0.163500884112 0 0
0.022651500644 0 0
0.225962514687 0 1
0.035036932464 0 0
0.244836583439 0 0
0.957206476095 1 1
0.174467235050 0 1
0.105690223476 0 0
0.283601154871 0 0
0.292109434591 0 1
0.234903530881 0 0
0.033336757340 0 0
0.959846250709 1 1
0.158733202718 0 1
0.629981876230 1 1
0.067144353470 0 0
0.049851547271 0 0
0.141644402068 0 0
0.403108105776 0 1
0.015615458962 0 0
0.029487122675 0 0
0.025464651414 0 0
0.054647789661 0 0
0.976266305308 1 1
0.406013404994 0 1
0.844823377095 1 1
0.162933339845 0 1
0.156661490791 0 0
0.971792919403 1 1
0.529643996738 1 0
0.253261858104 0 0
0.359978722612 0 0
0.028060796349 0 0
0.949726718276 1 1
0.048769395456 0 0
0.046068237448 0 0
0.022799596331 0 0
0.284107862655 0 0
0.976645649500 1 1
0.207150825058 0 0
0.511916074912 1 0
0.130440105273 0 0
0.853879138458 1 1
0.094266384819 0 0
0.116391258923 0 1
0.373208764722 0 1
0.300402156579 0 1
0.968111423067 1 1
0.106116177448 0 0
0.133338105408 0 0
0.077153153660 0 1
0.185991909229 0 0
0.498876990293 0 1
0.145196476979 0 0
0.020144117931 0 0
0.153690322152 0 1
0.105407779182 0 0
0.978919447643 1 1
0.226627556625 0 1
0.252322441162 0 1
0.478255347381 0 1
0.005794187486 0 0
0.202302250293 0 0
0.911055885703 1 1
0.249756437210 0 0
0.417369464269 0 1
0.101091070296 0 0
0.072103047271 0 0
0.148978289311 0 0
0.086491738036 0 0
0.011555112000 0 0
0.211644677613 0 1
0.236829152429 0 0
0.050035994209 0 0
0.970544534239 1 1
0.975790081902 1 1
0.558802219162 1 1
0.931765951205 1 1
0.277567437090 0 0
0.397548168648 0 1
0.417695694372 0 0
0.013691042567 0 0
0.644678579203 1 1
0.037079486110 0 0
0.317141117128 0 1
0.053506300558 0 0
0.065503636807 0 1
0.038852706527 0 0
0.408999291457 0 0
0.072194900780 0 0
0.101969907254 0 0
0.977227642785 1 1
0.030697601281 0 1
0.139760623814 0 0
0.971946260643 1 1
0.554712313294 1 1
0.076896379287 0 0
0.014956339965 0 0
0.872263769563 1 0
0.012414528778 0 0
0.124553028224 0 0
0.944943310640 1 1
0.088158377971 0 0
0.203574025478 0 0
0.763420156654 1 1
0.031005329599 0 0
0.056702678948 0 0
0.372654350957 0 0
0.649859092776 1 0
0.970937769582 1 1
0.555764432284 1 1
0.530075979575 1 1
0.090442487533 0 0
0.134943973027 0 0
0.026254787199 0 0
0.046222686293 0 0
0.097739943803 0 0
0.161358573629 0 0
0.980013600138 1 1
0.174137518342 0 1
0.349832242953 0 0
0.359247360720 0 0
0.254194422777 0 0
0.851894902583 1 1
0.044733252201 0 0
0.344015958272 0 1
0.068323049087 0 0
0.085669939320 0 0
0.272959883292 0 0
0.274126412439 0 0
0.597980116464 1 1
0.682212197481 1 1
0.017234890927 0 0
0.115671666665 0 1
0.057275902647 0 0
0.895886523308 1 1
0.809714032434 1 1
0.164512433333 0 0
0.436414645940 0 1
0.475648754625 0 0
0.092983973557 0 0
0.352532406540 0 0
0.392225644891 0 0
0.122930847770 0 0
0.069538799635 0 0
0.919468884181 1 1
0.446347224994 0 0
0.978887039165 1 1
0.098993089006 0 0
0.303331313344 0 1
0.501648853711 1 1
0.152230023161 0 0
0.252674761317 0 0
0.016977402918 0 0
0.724130496847 1 1
0.589433797886 1 1
0.032911983570 0 0
0.390277964797 0 1
0.057332377037 0 0
0.510813632530 1 0
0.530917987558 1 1
0.054087336233 0 0
0.172393389417 0 0
0.206857371805 0 0
0.055869495289 0 0
0.012908391375 0 0
0.349347394198 0 1
0.008937834390 0 1
0.210687109097 0 1
0.178182533032 0 0
0.192634153882 0 0
0.060533962987 0 0
0.134365848453 0 1
0.268169644007 0 1
0.030781233606 0 0
0.290464961331 0 1
0.037783784336 0 0
0.029946271518 0 0
0.296412983319 0 1
0.128903146591 0 1
0.921203993304 1 1
0.404069739079 0 0
0.715617600502 1 1
0.242091580478 0 1
0.012400113773 0 1
0.056519878074 0 0
0.020986638569 0 0
0.946401373152 1 1
0.022635019819 0 0
0.913671480918 1 1
0.058489683312 0 1
0.009679836294 0 0
0.128114228028 0 1
0.047302009789 0 0
0.098707234434 0 0
0.831914894574 1 1
0.662944584007 1 1
0.016468403783 0 0
0.037244914669 0 0
0.106093447990 0 0
0.320354861555 0 0
0.121047645077 0 0
0.951400745941 1 1
0.164931138852 0 0
0.164240059433 0 0
0.749312192217 1 1
0.259807233434 0 0
0.054186101837 0 0
0.151692532203 0 0
0.036642065601 0 0
0.093638105807 0 0
0.048085936536 0 0
0.121780691828 0 0
0.240139143150 0 0
0.865139489703 1 1
0.342575968457 0 1
0.133892481183 0 0
0.128187794045 0 0
0.338312082332 0 0
0.052874959278 0 1
0.955951235786 1 1
0.396854843218 0 0
0.537357867985 1 0
0.236960951187 0 0
0.103131705459 0 0
0.017272312735 0 0
0.037595808714 0 0
0.474725732004 0 1
0.115429072513 0 0
0.202424851963 0 1
0.621171458713 1 0
0.217040775084 0 0
0.688039900648 1 1
0.719714502172 1 1
0.051845381233 0 0
0.951244589252 1 1
0.389284704628 0 0
0.635225856930 1 1
0.046499195019 0 0
0.098245889546 0 0
0.393045235502 0 0
0.584733990676 1 1
0.822515185646 1 1
0.257646008106 0 0
0.049260852289 0 0
0.190951624406 0 0
0.037892876191 0 0
0.185806821058 0 0
0.117533394988 0 0
0.223292401667 0 1
0.226407844209 0 0
0.030193521278 0 0
0.046481975379 0 0
0.171557914635 0 0
0.026356182558 0 0
0.125312617980 0 0
0.530505863284 1 1
0.032847059881 0 0
0.095644310315 0 0
0.114437470850 0 0
0.026099123608 0 0
0.078725838789 0 0
0.457765238230 0 1
0.557722011011 1 1
0.012736816202 0 0
0.927151267046 1 1
0.483520923382 0 0
0.152544469464 0 0
0.448257179771 0 1
0.480788615907 0 0
0.046569021577 0 0
0.075000452372 0 0
0.108454499449 0 1
0.813487612193 1 1
0.793414206679 1 1
0.347159622976 0 0
0.028595822156 0 0
0.506944278150 1 0
0.286094631080 0 0
0.236622691572 0 0
0.123034039102 0 0
0.027330856522 0 0
0.013427504076 0 0
0.245387945127 0 0
0.058510017176 0 0
0.681701658513 1 1
0.143895091708 0 0
0.420844238499 0 1
0.059635909245 0 1
0.015409164350 0 0
0.063113696169 0 0
0.954338600332 1 1
0.657415864125 1 1
0.017684589496 0 0
0.972066468372 1 1
0.168916322007 0 0
0.116984480231 0 0
0.167666513265 0 0
0.618411216289 1 1
0.357188617503 0 0
0.225697640888 0 0
0.973138887227 1 1
0.223185295483 0 1
0.037655254721 0 0
0.201803860811 0 1
0.221092435887 0 0
0.732747671413 1 1
0.117683344255 0 0
0.049919178955 0 0
0.019443836915 0 0
0.013834691010 0 0
0.089491199331 0 0
0.444500670584 0 1
0.036329689016 0 0
0.214259307267 0 0
0.182941092955 0 0
0.113898835354 0 0
0.970904649394 1 1
0.064631876005 0 0
0.068595471739 0 0
0.200188161969 0 0
0.215802160953 0 0
0.377855221116 0 1
0.443163998831 0 1
0.186379946986 0 0
0.046730729908 0 0
0.134260715781 0 0
0.021981889713 0 0
0.212868531293 0 0
0.034796640782 0 0
0.127678381296 0 0
0.268143892653 0 1
0.121530691298 0 0
0.078457884093 0 0
0.300451784205 0 0
0.394264047661 0 0
0.043359104536 0 0
0.608671377687 1 1
0.021342255512 0 1
0.144021741458 0 1
0.360644587180 0 0
0.230225175210 0 0
0.412523258515 0 1
0.975854750881 1 1
0.049313241118 0 0
0.275741044666 0 1
0.695869149060 1 0
0.546020918811 1 1
0.620409688156 1 0
0.264605726451 0 1
0.054124194868 0 0
0.032864975880 0 0
0.127277134921 0 0
0.541342838566 1 1
0.159514949890 0 0
0.388971645181 0 0
0.052463092102 0 0
0.043628865765 0 0
0.040802429003 0 1
0.367933364771 0 0
0.424715114895 0 0
0.025168772001 0 0
0.980662093328 1 1
0.210886386946 0 0
0.265090443546 0 0
0.653530707883 1 1
0.053712113550 0 0
0.051162722490 0 0
0.064055493211 0 1
0.046900434518 0 0
0.029349673840 0 0
0.965840599764 1 1
0.196255354495 0 0
0.033983260665 0 0
0.006696371062 0 0
0.143260468021 0 0
0.889582340439 1 1
0.958569948783 1 1
0.055552721801 0 0
0.194797279461 0 0
0.148361144704 0 0
0.245203955348 0 1
0.263566380633 0 0
0.373954243860 0 1
0.680915155138 1 1
0.263084298760 0 0
0.073921131698 0 0
0.267235419447 0 0
0.055973419906 0 0
0.855487559851 1 1
0.219018602887 0 1
0.239853071191 0 1
0.318324938725 0 1
0.196095350143 0 0
0.347617514806 0 1
0.296791025081 0 0
0.042104841243 0 0
0.154281152710 0 0
0.211294066274 0 0
0.193383845855 0 0
0.280011628413 0 0
0.617182834306 1 1
0.078866341232 0 0
0.137893978389 0 0
0.457862026750 0 1
0.083536749384 0 0
0.885191197086 1 0
0.673806024710 1 1
0.059530639588 0 0
0.650526141935 1 1
0.427996831817 0 1
0.277170468476 0 0
0.650029489202 1 1
0.019954735437 0 0
0.919566869360 1 0
0.054514034788 0 0
0.196562234056 0 0
0.605162480600 1 1
0.034748985932 0 0
0.052176638231 0 0
0.941338644657 1 1
0.019711800313 0 0
0.120085967398 0 0
0.088140018053 0 0
0.158027010404 0 0
0.393242780238 0 0
0.402521112539 0 0
0.707364109894 1 1
0.007982460362 0 0
0.791455811946 1 1
0.043953925859 0 0
0.791750313966 1 1
0.162803753965 0 0
0.714549776714 1 1
0.816694283112 1 1
0.950711353040 1 1
0.036025128804 0 0
0.632077342048 1 1
0.081901495840 0 0
0.061118633507 0 0
0.171798703614 0 0
0.008726344164 0 0
0.887734404189 1 0
0.382739625012 0 1
0.816786878717 1 0
0.777590929566 1 1
0.021598763263 0 0
0.339018503625 0 0
0.107501467833 0 0
0.059060937575 0 0
0.293343939879 0 0
0.564597309037 1 0
0.456878503903 0 0
0.087624504567 0 0
0.690720115917 1 0
0.758587526440 1 1
0.231996081929 0 0
0.806355493722 1 1
0.185982494204 0 1
0.217745247178 0 0
0.843337128517 1 1
0.200229740518 0 0
0.601650105783 1 0
0.685941549064 1 0
0.026084062009 0 0
0.152858206332 0 0
0.296427232126 0 0
0.061408217379 0 0
0.918635136862 1 1
0.150211577872 0 0
0.672567175883 1 1
0.265672788298 0 0
0.642330627745 1 1
0.514189452815 1 1
0.023534906875 0 0
0.416502772420 0 0
0.909963973775 1 1
0.049037357568 0 0
0.052718970774 0 0
0.042997290407 0 0
0.977785760766 1 1
0.469750880459 0 1
0.050190114724 0 0
0.141138251418 0 0
0.138385437496 0 0
0.021987409564 0 0
0.040352307195 0 0
0.543335160560 1 1
0.214638121099 0 0
0.068274145557 0 0
0.955828648348 1 1
0.307929865745 0 0
0.025418096009 0 0
0.023483731430 0 0
0.441177332511 0 1
0.033627385737 0 0
0.301601634383 0 0
0.632875531234 1 1
0.449097710200 0 1
0.031146935316 0 0
0.160940093162 0 0
0.047047247356 0 0
0.861874185511 1 1
0.023335462574 0 0
0.077587630720 0 0
0.021555973537 0 0
0.408078973137 0 1
0.828107291115 1 1
0.007740641888 0 0
0.084719766496 0 0
0.069302780439 0 0
0.293179610044 0 0
0.951054930529 1 1
0.083868500332 0 0
0.048360298949 0 0
0.017236949140 0 0
0.231542196889 0 0
0.209720182275 0 0
0.090937673151 0 0
0.800720234137 1 1
0.308213458608 0 0
0.101785993827 0 1
0.980118316829 1 1
0.037789562856 0 0
0.735799641422 1 1
0.781235356961 1 0
0.963189895043 1 0
0.038273361818 0 0
0.093107816093 0 0
0.095407582865 0 1
0.459866150183 0 0
0.043595842189 0 0
0.861567769789 1 1
0.782414036746 1 1
0.213554618552 0 0
0.130492617748 0 0
0.218574969396 0 0
0.120772737734 0 0
0.935330105337 1 1
0.963480004055 1 1
0.100544260346 0 0
0.956144555779 1 1
0.251325890949 0 0
0.672636038443 1 0
0.219343910353 0 0
0.146121249681 0 0
0.708315772312 1 1
0.030412138139 0 0
0.067406668319 0 1
0.032360287542 0 0
0.040989146385 0 0
0.977316789086 1 1
0.939122110412 1 0
0.076739056365 0 0
0.095985700892 0 0
0.544029709326 1 0
0.020990263912 0 0
0.258126422897 0 1
0.211250310164 0 1
0.963854442824 1 1
0.979228679885 1 1
0.270709657841 0 0
0.658367111701 1 1
0.186279808520 0 0
0.976998847492 1 1
0.209295595310 0 0
0.061093017793 0 0
0.907087212762 1 1
0.280048234368 0 0
0.622448308422 1 1
0.289493027587 0 0
0.048086158305 0 0
0.082278534530 0 0
0.008734581913 0 0
0.013846358582 0 0
0.183079790838 0 0
0.049332996786 0 0
0.926076473207 1 1
0.187735117593 0 0
0.053535203321 0 0
0.806422520795 1 1
0.006038438591 0 0
0.159377987888 0 1
0.366646440424 0 0
0.952899900829 1 1
0.971424904584 1 1
0.191659520601 0 0
0.229019066717 0 0
0.296821850864 0 0
0.425366211706 0 0
0.885173777434 1 1
0.117912554579 0 0
0.110866745115 0 0
0.084065150316 0 0
0.113810030334 0 0
0.868157222458 1 1
0.361805210789 0 0
0.903230046643 1 1
0.266045954781 0 0
0.416957274586 0 1
0.090613995010 0 0
0.108533165208 0 0
0.034196311371 0 0
0.826215797272 1 0
0.035168636784 0 0
0.152517707588 0 0
0.175188799596 0 0
0.762153987342 1 0
0.037760236944 0 0
0.030276068481 0 0
0.022342478086 0 0
0.061038980923 0 0
0.046055841400 0 1
0.066860945431 0 1
0.149450529759 0 0
0.122941587618 0 0
0.241834618963 0 1
0.553429001628 1 0
0.388114483520 0 0
0.705221531505 1 1
0.380067891564 0 0
0.252084189124 0 1
0.231588265902 0 0
0.738324539726 1 1
0.034384530720 0 0
0.556363386052 1 1
0.062911765174 0 0
0.053962506615 0 0
0.018287539385 0 0
0.036711504462 0 0
0.917780627296 1 1
0.911989858636 1 1
0.034955595179 0 0
0.032336263918 0 0
0.071227491246 0 0
0.382462237441 0 0
0.047477300200 0 1
0.193762228214 0 0
0.139083554724 0 0
0.124768254209 0 0
0.031176607513 0 0
0.535322705236 1 0
0.140957042473 0 0
0.019856541693 0 0
0.664255038055 1 1
0.977536332342 1 1
0.373115670393 0 1
0.080584500105 0 0
0.036741001106 0 0
0.927427259232 1 1
0.371674258263 0 0
0.304869532722 0 0
0.015266072659 0 0
0.043380408695 0 0
0.181931574612 0 0
0.026342255100 0 0
0.216899044845 0 0
0.083145445267 0 1
0.681133761903 1 1
0.705523801235 1 1
0.169482536277 0 0
0.532121284380 1 1
0.197123769344 0 0
0.464166577595 0 1
0.022541128373 0 0
0.859398338246 1 1
0.030369571163 0 0
0.347519277952 0 0
0.535440810650 1 0
0.371348446738 0 0
0.741120788574 1 1
0.175256629143 0 0
0.119311393316 0 0
0.239392149564 0 1
0.053309748466 0 0
0.039093286397 0 0
0.013270759874 0 0
0.828002949703 1 1
0.296497416249 0 0
0.042211319550 0 0
0.821621981067 1 1
0.430452101157 0 0
0.423033443772 0 1
0.777160888270 1 1
0.404766275320 0 1
0.080536123774 0 0
0.149839882732 0 0
0.281181459591 0 0
0.120291386590 0 0
0.977365859903 1 1
0.403919099417 0 1
0.363220249160 0 1
0.378904114844 0 1
0.056009019829 0 0
0.043413059890 0 0
0.293147929410 0 0
0.062475561589 0 0
0.964281688901 1 1
0.135528160202 0 0
0.137708695950 0 0
0.633549868587 1 0
0.027636246530 0 0
0.472355119089 0 0
0.034452534041 0 0
0.879638856819 1 1
0.196506898482 0 0
0.012417829009 0 0
0.966588064333 1 1
0.019752034280 0 0
0.512960424562 1 0
0.145678224521 0 0
0.284106520597 0 0
0.978685700183 1 1
0.481389687866 0 1
0.153247632756 0 0
0.063466342622 0 0
0.397617714824 0 1
0.054976407974 0 1
0.481172758137 0 0
0.115153060589 0 0
0.710209855815 1 1
0.051712962718 0 0
0.226623071342 0 1
0.316373507764 0 0
0.967709345483 1 1
0.014689514582 0 0
0.100536805854 0 0
0.047590783132 0 0
0.979601815748 1 1
0.038212151370 0 0
0.967900320869 1 1
0.722474534941 1 0
0.213257575402 0 1
0.144887320803 0 0
0.044314907900 0 0
0.632065440137 1 1
0.294999516766 0 0
0.642782886432 1 0
0.544097884733 1 1
0.775384549674 1 1
0.448670595134 0 1
0.005086847132 0 0
0.943422385770 1 1
0.853430084540 1 1
0.379583098515 0 0
0.782389263091 1 1
0.088046043589 0 0
0.040010235996 0 0
0.363934906922 0 1
0.368996122792 0 1
0.203511786183 0 1
0.164174588747 0 0
0.971636337208 1 1
0.153139431443 0 1
0.039345178939 0 0
0.088687745741 0 0
0.107534528366 0 0
0.195343591024 0 0
0.032849655187 0 0
0.198653328850 0 0
0.043856483845 0 0
0.468244182539 0 1
0.027977113562 0 0
0.011926659352 0 0
0.958895067510 1 1
0.036629795057 0 0
0.256134174975 0 0
0.294166135267 0 0
0.045464442328 0 0
0.051984980371 0 0
0.348293175832 0 0
0.083366104646 0 0
0.030614855800 0 0
0.038241372152 0 0
0.068987941204 0 0
0.898874396203 1 1
0.019501699171 0 0
0.025457858120 0 0
0.150166355817 0 0
0.864631832134 1 1
0.083044595027 0 0
0.043519320029 0 0
0.322526825119 0 1
0.524284522371 1 1
0.501418556363 1 1
0.009053455831 0 0
0.075550058625 0 0
0.234408974071 0 0
0.034756724570 0 0
0.094424505524 0 0
0.092205966761 0 0
0.388785397735 0 0
0.074507013291 0 0
0.840754086547 1 1
0.013151377817 0 0
0.453958710790 0 1
0.119796449944 0 1
0.060962310247 0 0
0.022890897666 0 0
0.070271939977 0 0
0.705454402220 1 1
0.439612830129 0 1
0.038741102397 0 0
0.387086551184 0 1
0.420566260533 0 1
0.279671394955 0 1
0.242331697308 0 0
0.033089135511 0 0
0.058937375868 0 0
0.076315372991 0 0
0.973451998167 1 1
0.124767765700 0 0
0.054516226169 0 0
0.082168031439 0 0
0.824268385117 1 0
0.332939552393 0 0
0.930050311419 1 1
0.908855299536 1 1
0.096296937272 0 0
0.538031635916 1 1
0.727097080728 1 1
0.072511619490 0 0
0.039819863181 0 0
0.601895705973 1 1
0.904415934249 1 1
0.010862456887 0 0
0.125513464057 0 0
0.641948281844 1 1
0.201768928457 0 0
0.270110550126 0 1
0.048289780118 0 0
0.316826847615 0 0
0.843405544489 1 1
0.012427971841 0 0
0.021997830486 0 0
0.207512932361 0 1
0.723299850582 1 0
0.024392938145 0 0
0.041964249115 0 0
0.071439514233 0 0
0.675672131262 1 1
0.192406047527 0 0
0.032344593079 0 0
0.093845166288 0 0
0.290047147591 0 1
0.062933692729 0 0
0.694032136208 1 1
0.376871057139 0 0
0.111442759439 0 0
0.942088649017 1 1
0.194930067474 0 0
0.960079624169 1 1
0.051679582684 0 0
0.167356798395 0 0
0.202488539991 0 0
0.017494111530 0 0
0.373365516987 0 1
0.419734043814 0 0
0.950975846225 1 1
0.012404933070 0 0
0.241688746413 0 0
0.958635961039 1 1
0.340368930850 0 0
0.976732967549 1 1
0.707434924724 1 1
0.961946678180 1 1
0.083334963964 0 0
0.177991823562 0 0
0.751192093452 1 1
0.400665287537 0 1
0.875849451645 1 1
0.953985476615 1 1
0.039668470504 0 0
0.305737261411 0 0
0.126868601067 0 0
0.013551424366 0 0
0.964921111593 1 1
0.246242882676 0 0
0.110263626197 0 0
0.537225642463 1 0
0.961156732436 1 1
0.149989362483 0 0
0.156477792014 0 0
0.182518209088 0 0
0.193108965771 0 0
0.521476259076 1 0
0.025282332580 0 0
0.169145744672 0 1
0.351031622866 0 0
0.780929969311 1 1
0.240489137292 0 1
0.097328464262 0 0
0.107705868933 0 1
0.586652612292 1 1
0.155389467350 0 1
0.009640561068 0 0
0.334937784248 0 1
0.053773726713 0 0
0.058234109375 0 0
0.321834873182 0 0
0.976792703320 1 1
0.052136517551 0 0
0.076009964664 0 0
0.115021668111 0 0
0.415298941971 0 0
0.331727778589 0 0
0.021328862636 0 0
0.082987340969 0 0
0.045996956372 0 0
0.148903927556 0 0
0.145007479871 0 0
0.444942034410 0 1
0.896159865789 1 0
0.747461921527 1 1
0.879384858750 1 1
0.266074373796 0 0
0.124892106322 0 0
0.061193419074 0 0
0.016362400935 0 0
0.355292602112 0 1
0.010635272123 0 0
0.047328614091 0 1
0.362853367914 0 0
0.010252756719 0 0
0.080967746004 0 0
0.060464844828 0 0
0.962435702970 1 1
0.236917846388 0 0
0.030354004259 0 0
0.158857421377 0 0
0.272549284534 0 0
0.321750209755 0 0
0.436086468432 0 0
0.034861106313 0 0
0.295928132140 0 0
0.437252448949 0 1
0.369521035854 0 0
0.051110777057 0 0
0.039886593206 0 0
0.870121705967 1 1
0.025167565391 0 0
0.026454221795 0 0
0.427247817791 0 1
0.977065680343 1 1
0.944303897931 1 1
0.827850190149 1 1
0.048156616833 0 0
0.268227119192 0 1
0.109133248417 0 0
0.048509756858 0 0
0.092732157771 0 0
0.008815162402 0 0
0.127402554717 0 0
0.334401514424 0 0
0.956952392257 1 1
0.199335041695 0 0
0.341929346548 0 0
0.956223881289 1 1
0.224088432743 0 0
0.088899758021 0 0
0.028573535884 0 0
0.029489237589 0 1
0.174927923801 0 0
0.806058621843 1 1
0.008292391326 0 0
0.021787800314 0 0
0.403606578980 0 1
0.589860663339 1 1
0.014468228640 0 0
0.924637334796 1 1
0.048548002066 0 1
0.024528913284 0 0
0.934007193082 1 1
0.196106796905 0 1
0.065342956713 0 0
0.967890326217 1 1
0.234380674614 0 0
0.199819659223 0 0
0.782293399964 1 1
0.062994066050 0 0
0.201364273637 0 1
0.138634166512 0 0
0.979323328156 1 1
0.632858324801 1 1
0.046785494151 0 0
0.186995675420 0 1
0.427374095643 0 0
0.512205552215 1 1
0.280947441565 0 1
0.020135227001 0 0
0.072158894873 0 0
0.258645731936 0 1
0.081725933183 0 0
0.297443425503 0 0
0.830703790829 1 0
0.052176556574 0 0
0.238815282755 0 1
0.390252045968 0 1
0.952548758743 1 1
0.119176600238 0 0
0.492088438402 0 1
0.213287914916 0 0
0.008824246383 0 0
0.175263926151 0 0
0.091243138786 0 0
0.198755432069 0 0
0.043521609005 0 0
0.665452696087 1 1
0.970942526692 1 1
0.492841792936 0 0
0.141335764158 0 1
0.910868518779 1 1
0.035994735069 0 0
0.980468901806 1 1
0.017530029490 0 0
0.018563983976 0 0
0.122471204196 0 0
0.170160251513 0 0
0.236794587154 0 0
0.041661122731 0 0
0.028190290697 0 0
0.613184865278 1 0
0.670889275026 1 1
0.331893592380 0 0
0.525749609564 1 1
0.741856550074 1 1
0.268827888116 0 0
0.889847321122 1 1
0.068717485785 0 0
0.843766297185 1 1
0.216652036316 0 0
0.025473299990 0 0
0.670471032992 1 1
0.023434348442 0 0
0.016086180925 0 1
0.020019080217 0 0
0.945804559988 1 1
0.051971339039 0 0
0.015115793496 0 0
0.009824689629 0 0
0.188166496106 0 0
0.242429705266 0 1
0.069361755846 0 0
0.457459559911 0 1
0.568041830912 1 1
0.152543873496 0 0
0.187445522574 0 0
0.873929947707 1 1
0.092115345597 0 0
0.944448530961 1 1
0.076787123257 0 0
0.263375964619 0 0
0.257206577236 0 0
0.018485338416 0 0
0.083082194969 0 0
0.905629860266 1 1
0.015498295271 0 0
0.956037849518 1 1
0.178270710513 0 0
0.460927489689 0 1
0.189881513901 0 0
0.449211729098 0 1
0.289372961531 0 1
0.813908229844 1 1
0.056227113172 0 0
0.458583878388 0 1
0.357173317690 0 0
0.009735437371 0 0
0.284732166959 0 1
0.832178752537 1 1
0.075929755251 0 0
0.055149219541 0 0
0.980992541026 1 1
0.586116320873 1 1
0.352572340308 0 0
0.078878481721 0 0
0.077364522824 0 0
0.272377740843 0 1
0.034807728106 0 0
0.356997803114 0 0
0.585211432848 1 1
0.851228519689 1 1
0.485205336787 0 0
0.436777184223 0 0
0.548625059703 1 1
0.219691267400 0 0
0.228315271531 0 1
0.253335133895 0 1
0.057294509978 0 0
0.718887256923 1 1
0.563236021744 1 0
0.033239023299 0 0
0.313253695110 0 0
0.021902747705 0 0
0.819465756051 1 1
0.014950997390 0 0
0.058298996899 0 0
0.501782986328 1 1
0.018893801693 0 0
0.233646684266 0 0
0.122621705317 0 0
0.436773590369 0 0
0.335412416988 0 0
0.384135293382 0 0
0.030555348929 0 0
0.157915978901 0 0
0.267570410770 0 0
0.062161830875 0 0
0.164522273992 0 0
0.025616079554 0 0
0.348701308215 0 1
0.263141963246 0 0
0.158125248309 0 0
0.922039192704 1 1
0.102132268763 0 0
0.226802664802 0 0
0.196543253106 0 0
0.332097044052 0 0
0.011879305386 0 0
0.977052922530 1 1
0.368763522696 0 0
0.081754613105 0 0
0.049288822490 0 0
0.471920205229 0 0
0.013262214877 0 0
0.012951233938 0 0
0.939338566009 1 1
0.415609871133 0 0
0.978644636234 1 1
0.024189687878 0 0
0.056805579470 0 0
0.034078489287 0 0
0.279618922486 0 0
0.079815296715 0 0
0.025850020836 0 0
0.172307144904 0 0
0.388783596933 0 1
0.566282793001 1 1
0.281857834577 0 0
0.246783356075 0 0
0.242456164428 0 0
0.093641349786 0 0
0.324635777798 0 0
0.069345637415 0 0
0.108558366969 0 0
0.357703511394 0 0
0.439116937918 0 0
0.824642157127 1 1
0.046384976596 0 0
0.013149700431 0 0
0.055283703293 0 0
0.022327198595 0 0
0.979989447259 1 1
0.035864587303 0 0
0.057386162606 0 0
0.220210400342 0 0
0.127291789249 0 0
0.013050450960 0 0
0.978894734580 1 1
0.469711980755 0 1
0.799255568901 1 1
0.977004739874 1 1
0.121276295608 0 0
0.034334483889 0 0
0.916898560823 1 1
0.812658141339 1 1
0.293565908428 0 0
0.237887405317 0 0
0.089953055156 0 0
0.863420672252 1 1
0.252412065225 0 0
0.375574907568 0 0
0.018598401655 0 0
0.967870183700 1 1
0.949284309728 1 1
0.027654423523 0 0
0.137046473893 0 0
0.006035832634 0 0
0.275158701227 0 0
0.038890084104 0 0
0.339432060527 0 0
0.008841484088 0 0
0.209995795866 0 0
0.023421695920 0 0
0.747905334673 1 1
0.032539896783 0 0
0.294655242910 0 0
0.145569689650 0 0
0.090639543373 0 0
0.035802361563 0 0
0.587361436054 1 1
0.132128775646 0 0
0.063216740308 0 0
0.712539536841 1 1
0.338270793670 0 0
0.156011567141 0 0
0.124977617274 0 0
0.075591386544 0 0
0.035216452287 0 0
0.978459966668 1 1
0.222473506536 0 0
0.027124898482 0 0
0.417947578542 0 1
0.454001048789 0 0
0.280834720202 0 0
0.764976002906 1 1
0.019150574698 0 0
0.053499694835 0 0
0.018342512273 0 0
0.232344428072 0 0
0.101973617988 0 0
0.005827515781 0 0
0.459908843878 0 0
0.011982676772 0 0
0.581691794074 1 1
0.029807567473 0 0
0.070990808635 0 0
0.034500490351 0 0
0.396203457898 0 0
0.181057668134 0 0
0.014633771215 0 0
0.972066330860 1 1
0.127177326327 0 0
0.421819979298 0 1
0.966627997320 1 1
0.015816099415 0 0
0.533464666294 1 1
0.259152320332 0 0
0.975667011561 1 1
0.040572757907 0 0
0.009729928083 0 0
0.048081680059 0 0
0.036400429374 0 0
0.020983823192 0 0
0.773667337269 1 1
0.139025860835 0 0
0.374802853624 0 0
0.899774755851 1 1
0.177823150302 0 0
0.979594831151 1 1
0.207150900593 0 1
0.082237905771 0 0
0.672588535196 1 1
0.585010896019 1 1
0.783791742763 1 1
0.605982116097 1 1
0.103928926295 0 0
0.668966131279 1 0
0.009726540494 0 0
0.071196588390 0 0
0.010926517627 0 0
0.228541601867 0 0
0.119572437749 0 0
0.048035060604 0 0
0.050890123098 0 1
0.028576253274 0 0
0.033208338348 0 0
0.368595066168 0 0
0.980393664605 1 1
0.091325789223 0 0
0.405382869165 0 0
0.012566354108 0 0
0.236446066504 0 0
0.118551384328 0 0
0.556145503631 1 0
0.013682771940 0 0
0.979586338434 1 1
0.981004480400 1 1
0.033091607730 0 0
0.408312814383 0 1
0.027575587786 0 0
0.512333412067 1 0
0.180825656646 0 0
0.684730159455 1 0
0.845083582572 1 1
0.127378728534 0 0
0.226495406335 0 0
0.110728564013 0 0
0.116707613091 0 0
0.226690433423 0 0
0.242582695704 0 0
0.945614593682 1 1
0.422977916346 0 1
0.033433168853 0 0
0.054302653604 0 0
0.125003607473 0 1
0.029328595900 0 0
0.975006642702 1 1
0.052606976521 0 0
0.179324406908 0 0
0.445779635149 0 0
0.953838372069 1 1
0.010275903438 0 0
0.804883618362 1 1
0.126667273552 0 0
0.087411774866 0 0
0.799153204927 1 0
0.507912113019 1 1
0.112845889617 0 0
0.054790937556 0 0
0.186435020626 0 1
0.977684867774 1 1
0.018156741771 0 0
0.490328547624 0 1
0.452197083792 0 1
0.314205091981 0 0
0.717331129353 1 1
0.036544681623 0 0
0.025494390185 0 0
0.242274562724 0 0
0.507355194249 1 0
0.478737089259 0 1
0.105323307897 0 0
0.961127497306 1 1
0.678922382497 1 0
0.691319890681 1 1
0.418652426219 0 0
0.005897211529 0 0
0.065781276874 0 0
0.216209944780 0 0
0.057670626019 0 0
0.033209186295 0 0
0.162124702831 0 1
0.065300288848 0 0
0.035990061435 0 0
0.157649288467 0 0
0.822242730110 1 1
0.430251480293 0 1
0.112390357866 0 0
0.085704021781 0 0
0.006730095508 0 0
0.685128625176 1 1
0.323275909506 0 0
0.052344077805 0 0
0.313923730620 0 0
0.964726946073 1 1
0.942877747407 1 1
0.203728184726 0 0
0.519371487303 1 1
0.046546209228 0 0
0.019616454177 0 0
0.022066795834 0 0
0.632470302893 1 0
0.491519526412 0 1
0.882895458951 1 1
0.177002946400 0 1
0.093820123825 0 0
0.047565341533 0 0
0.255777011243 0 1
0.915032788561 1 1
0.007976577096 0 0
0.079009620920 0 0
0.980254355832 1 1
0.056802201554 0 0
0.071520170865 0 0
0.077060744409 0 0
0.030454918461 0 0
0.024442940230 0 0
0.075297129926 0 0
0.811181393424 1 1
0.280269526509 0 0
0.976257593353 1 1
0.437062920743 0 1
0.031300715667 0 0
0.198102820180 0 0
0.590047513886 1 0
0.203043432089 0 1
0.175785445898 0 0
0.975537446138 1 1
0.213196370036 0 0
0.105410458251 0 0
0.625782651776 1 1
0.017106942036 0 0
0.141661354395 0 1
0.266274839468 0 0
0.295742703568 0 1
0.509029344479 1 1
0.005191703422 0 0
0.035882962885 0 0
0.976591315578 1 1
0.169415599175 0 0
0.280612476003 0 1
0.854012308174 1 1
0.247707538183 0 1
0.681091978574 1 1
0.451873239628 0 0
0.305005236027 0 0
0.019988749283 0 0
0.123691909381 0 0
0.277711817007 0 1
0.247110212371 0 0
0.318961732070 0 1
0.190627325511 0 0
0.177538892356 0 0
0.659955388910 1 1
0.083262830404 0 0
0.496307329140 0 1
0.275690431491 0 0
0.134564582049 0 0
0.017919608571 0 0
0.135897485385 0 0
0.455595529904 0 1
0.354963178867 0 0
0.216283690274 0 1
0.071367090829 0 1
0.357560554149 0 0
0.012182458184 0 0
0.777461333189 1 1
0.101682733131 0 0
0.021082432134 0 0
0.047336127643 0 0
0.027132951176 0 0
0.258287219129 0 0
0.094221435781 0 1
0.965676570132 1 1
0.125108755525 0 0
0.197827129139 0 1
0.873263975463 1 1
0.175439567143 0 0
0.675705016276 1 1
0.512847926846 1 1
0.788426349271 1 1
0.183215795837 0 1
0.563444702363 1 1
0.146729266134 0 0
0.147536961444 0 0
0.057263696877 0 0
0.710859659071 1 1
0.104114341300 0 1
0.050746339453 0 0
0.143104416432 0 0
0.184958009153 0 0
0.942663334157 1 0
0.111042093215 0 1
0.067768001670 0 0
0.139038157911 0 1
0.107539463688 0 0
0.165198492404 0 0
0.558137025694 1 1
0.040243179101 0 0
0.252531415658 0 0
0.798457089289 1 1
0.038111574968 0 0
0.622285948691 1 1
0.045451761092 0 1
0.049215287307 0 0
0.070735008373 0 0
0.191817718715 0 0
0.644813794683 1 0
0.969156012861 1 1
0.078231732221 0 0
0.054065329656 0 0
0.152611286438 0 0
0.302684300254 0 0
0.147508464294 0 0
0.545252385120 1 1
0.067640282382 0 0
0.030245664916 0 0
0.967921570336 1 0
0.357292421083 0 0
0.978772682745 1 1
0.838007592456 1 1
0.076435946012 0 0
0.093966244283 0 0
0.049036840253 0 0
0.097912407387 0 0
0.080836158907 0 0
0.149499209712 0 0
0.031919245587 0 1
0.969097603316 1 1
0.206195691322 0 0
0.244306162290 0 0
0.227110538028 0 0
0.025913283038 0 0
0.233532725873 0 1
0.070596031908 0 0
0.959528845232 1 0
0.127789992870 0 1
0.975461026814 1 1
0.454588479768 0 0
0.252329882434 0 0
0.260039343297 0 1
0.128815404388 0 0
0.235041413370 0 1
0.040153801836 0 0
0.981362254758 1 1
0.429383687732 0 1
0.833141248560 1 1
0.980228008993 1 1
0.030411494907 0 0
0.038933920770 0 0
0.745805418071 1 1
0.268747423480 0 0
0.768002392113 1 1
0.084769694859 0 0
0.614020915620 1 1
0.049173568100 0 0
0.065488539971 0 0
0.157287995704 0 0
0.013835219885 0 0
0.693311816620 1 0
0.066864565334 0 0
0.589287545361 1 0
0.205151773188 0 0
0.013802192920 0 0
0.076344000995 0 0
0.745321377152 1 1
0.051355816015 0 0
0.026863360874 0 0
0.038684370506 0 0
0.028094148660 0 0
0.038360184804 0 0
0.125783197201 0 1
0.800017403650 1 1
0.404222341939 0 0
0.044914717711 0 0
0.965736971802 1 1
0.851429440414 1 1
0.092504097758 0 0
0.723671363486 1 0
0.169677804467 0 0
0.981008280699 1 1
0.108209758575 0 1
0.976384171873 1 1
0.375399125892 0 0
0.257892719273 0 0
0.019831188988 0 0
0.072717074047 0 0
0.191111268406 0 0
0.178695490442 0 0
0.044597057857 0 0
0.067527323681 0 0
0.055137304792 0 0
0.054776044551 0 0
0.018938639406 0 0
0.035805448083 0 0
0.387194911922 0 1
0.272489760092 0 0
0.020097882380 0 0
0.665620166271 1 1
0.013202205584 0 0
0.915836994444 1 1
0.113732911438 0 0
0.249669005065 0 1
0.047550354913 0 0
0.038483626990 0 0
0.326361051247 0 0
0.423647796032 0 1
0.494773415585 0 1
0.014267841900 0 0
0.572094727597 1 0
0.041907406419 0 0
0.962996917965 1 1
0.027887326484 0 0
0.813824642033 1 1
0.023964736987 0 0
0.217525938315 0 0
0.158206297543 0 0
0.975014208755 1 1
0.030716012915 0 0
0.314801403811 0 0
0.924162818771 1 1
0.052382037910 0 0
0.080847857243 0 0
0.197922105663 0 0
0.070220805011 0 0
0.564391343304 1 1
0.979874669814 1 1
0.019109681683 0 0
0.710112864098 1 1
0.337949420621 0 1
0.097800686254 0 0
0.414501544351 0 1
0.238510608755 0 0
0.189678467142 0 0
0.974587609566 1 1
0.048618353614 0 0
0.136623106893 0 0
0.162599181151 0 1
0.041874776532 0 0
0.056207944781 0 0
0.171308626006 0 0
0.247453566328 0 0
0.045313224042 0 0
0.136417208764 0 0
0.035906337818 0 0
0.398107588762 0 1
0.309800945550 0 0
0.013753704414 0 0
0.035005746117 0 0
0.216741597203 0 0
0.033160824587 0 0
0.266952886314 0 1
0.029823758751 0 0
0.031555619452 0 0
0.047806406630 0 0
0.297383102981 0 1
0.395919433737 0 0
0.217174469510 0 0
0.054856558970 0 0
0.071548972927 0 0
0.030328285675 0 0
0.032441862660 0 0
0.782145110616 1 0
0.439064237101 0 1
0.492696952553 0 1
0.036949798750 0 0
0.044573832432 0 0
0.131483895209 0 0
0.237277433537 0 0
0.720111731855 1 1
0.286129221841 0 1
0.839073785902 1 1
0.026464281065 0 0
0.292407041209 0 0
0.907911490139 1 1
0.727258727004 1 1
0.158020232156 0 0
0.043852936048 0 0
0.086087193106 0 0
0.051411409347 0 0
0.753819221004 1 1
0.188351623292 0 0
0.281583364715 0 0
0.057082465491 0 0
0.975728450583 1 1
0.362526987630 0 1
0.078738836076 0 0
0.949518590065 1 1
0.411903406876 0 0
0.344973384977 0 0
0.527792315654 1 1
0.147516558101 0 0
0.016250428376 0 0
0.131823191799 0 0
0.252401997338 0 0
0.020650940856 0 1
0.020858427608 0 0
0.313836919169 0 0
0.366537901388 0 1
0.088867004745 0 0
0.162586926428 0 0
0.152227769646 0 0
0.273158306681 0 1
0.977203324977 1 1
0.035256686458 0 0
0.823028488996 1 1
0.318521661603 0 0
0.966400856652 1 1
0.041538887777 0 0
0.186605030174 0 0
0.790274440741 1 1
0.466523299628 0 1
0.018074808255 0 0
0.729699945298 1 1
0.185395422706 0 0
0.307213918225 0 1
0.032525756794 0 0
0.029332299998 0 0
0.087858741508 0 0
0.318279147194 0 0
0.040852381539 0 0
0.082738896855 0 0
0.592029920216 1 1
0.128719461966 0 0
0.022406842585 0 0
0.864623816111 1 1
0.818517066314 1 1
0.981310968371 1 1
0.290724017503 0 0
0.771114472328 1 1
0.836217484064 1 1
0.837756698074 1 1
0.974488138845 1 1
0.149094259675 0 0
0.966092194558 1 1
0.100085290318 0 0
0.247707538183 0 1
0.087852618502 0 0
0.217163121811 0 0
0.152270551815 0 0
0.523922694163 1 1
0.156918921085 0 0
0.028510334364 0 0
0.110825153990 0 0
0.296140172768 0 0
0.053779833501 0 0
0.909956194781 1 1
0.014534121845 0 0
0.025928914047 0 0
0.148572514422 0 0
0.463406865320 0 1
0.344845003770 0 0
0.219178209708 0 0
0.976134979173 1 1
0.567163977606 1 0
0.963867917670 1 1
0.188332309229 0 0
0.118558678739 0 0
0.064019525052 0 0
0.363872501453 0 0
0.381715053499 0 0
0.143146745901 0 0
0.961728029189 1 1
0.388331408887 0 0
0.311042968702 0 1
0.061951852359 0 0
0.029333516364 0 1
0.135454027701 0 0
0.473621527205 0 0
0.925292550431 1 0
0.966049918221 1 1
0.055453420205 0 0
0.766904881067 1 1
0.240044866589 0 0
0.018366432460 0 0
0.294429128413 0 0
0.072239561088 0 0
0.078672360346 0 0
0.017264383979 0 0
0.282115454455 0 0
0.320564964747 0 1
0.167317893067 0 0
0.035579639996 0 0
0.406279252303 0 1
0.328300804425 0 0
0.495664636502 0 0
0.745192470844 1 1
0.313198110393 0 0
0.110307206828 0 0
0.051137083719 0 1
0.273778975087 0 1
0.067078983906 0 0
0.199569988745 0 0
0.472596243919 0 0
0.037245905196 0 0
0.128711273797 0 0
2383 470
0.720902612827
