1 803.008329666664 637 529
2 797.919976157471 643 523
3 771.939733746879 646 520
4 687.354949767879 786 380
5 551.663304637739 981 185
6 421.514615776932 1055 111
7 319.742854818577 1094 72
8 246.604905753166 1115 51
9 196.794434887301 1131 35
10 163.225253602462 1133 33
0.038654281662 0 0
0.882436148933 1 1
0.020053861886 0 0
0.297828104391 0 0
0.013082264181 0 0
0.866183376830 1 1
0.212836677238 0 0
0.023862645755 0 0
0.936814611991 1 1
0.020955737910 0 0
0.058149669657 0 0
0.904977599929 1 1
0.931914364092 1 1
0.023839407305 0 0
0.074238596836 0 0
0.285557506478 0 0
0.896107097368 1 1
0.019895374422 0 0
0.048211732667 0 0
0.024119908534 0 0
0.175591486246 0 0
0.112928473312 0 0
0.892662896610 1 1
0.018899265892 0 0
0.061958736016 0 0
0.920818018443 1 1
0.901237372651 1 1
0.937062887456 1 1
0.834032724696 1 1
0.030978594872 0 0
0.935523966811 1 1
0.061161558170 0 0
0.059025908550 0 0
0.919611829454 1 1
0.045701669837 0 0
0.128585830659 0 0
0.012546260670 0 0
0.011354131178 0 0
0.903544847595 1 1
0.791136209618 1 1
0.035577979114 0 0
0.541595521204 1 0
0.033602684189 0 0
0.039660364791 0 0
0.055463625241 0 0
0.931681406378 1 1
0.266999948017 0 0
0.836851161577 1 1
0.055671301890 0 0
0.930930097884 1 1
0.048386626079 0 0
0.858562603306 1 1
0.040230583340 0 0
0.033902833044 0 0
0.907026212945 1 1
0.866902823117 1 1
0.031722809371 0 0
0.726889273902 1 1
0.114281106373 0 0
0.858452871647 1 1
0.042364430966 0 0
0.059826087566 0 0
0.739169744127 1 1
0.267669591733 0 0
0.019938131699 0 0
0.895093789793 1 1
0.892724214455 1 1
0.026233849133 0 0
0.121041311954 0 0
0.842398727359 1 1
0.027082972045 0 0
0.248559175730 0 0
0.060698418093 0 0
0.914901162797 1 1
0.072184511529 0 0
0.056943987154 0 0
0.861140619493 1 1
0.932871109122 1 1
0.012402177917 0 0
0.669253331498 1 1
0.045828683743 0 0
0.068708494537 0 0
0.081393715248 0 0
0.231349585513 0 0
0.056076091257 0 0
0.036236870621 0 0
0.900008239052 1 1
0.925009077203 1 1
0.011578366697 0 0
0.022904352563 0 0
0.009252181596 0 0
0.921076879887 1 1
0.902885790266 1 1
0.559529106196 1 1
0.856187583089 1 1
0.045830021163 0 0
0.917189322863 1 1
0.061151493623 0 0
0.883142352622 1 1
0.035190011032 0 0
0.013238319281 0 0
0.936432305616 1 1
0.702574922078 1 1
0.120654751135 0 0
0.842619845782 1 1
0.814333251376 1 1
0.863462712489 1 1
0.053930861579 0 0
0.908373953782 1 1
0.014039955443 0 0
0.011908308245 0 0
0.028468058778 0 0
0.826766486105 1 1
0.022401896489 0 0
0.896610484908 1 1
0.364575762985 0 1
0.861008876634 1 1
0.010396135986 0 0
0.048608995960 0 0
0.907942904817 1 1
0.877769494950 1 1
0.023746731711 0 0
0.926418322100 1 1
0.912705598554 1 1
0.243575657950 0 0
0.012988446603 0 0
0.911401487299 1 1
0.878037067574 1 1
0.049092797942 0 0
0.896859244110 1 1
0.776021015096 1 1
0.860285185684 1 1
0.037534016935 0 0
0.890490356852 1 1
0.083460963453 0 0
0.083370536026 0 0
0.111100831956 0 0
0.925550985674 1 1
0.022839417831 0 0
0.638089796525 1 0
0.912373482571 1 1
0.872219705902 1 1
0.795237117725 1 1
0.024248386200 0 0
0.022665718478 0 0
0.016782718599 0 0
0.018077329047 0 0
0.055203360599 0 0
0.022453073319 0 0
0.913703073885 1 1
0.052065160026 0 0
0.016226944020 0 0
0.847119371013 1 1
0.010268402636 0 0
0.055647698953 0 0
0.048333731509 0 0
0.700335263332 1 1
0.920760093758 1 1
0.852800084134 1 1
0.045934265379 0 0
0.063675360514 0 0
0.909087741765 1 1
0.038435804261 0 0
0.638089796525 1 0
0.849661275967 1 1
0.859981658623 1 1
0.231820948528 0 0
0.921492790886 1 1
0.027958114025 0 0
0.078498142249 0 0
0.933616155069 1 1
0.040416924780 0 0
0.012253293671 0 0
0.014814645727 0 0
0.778640042733 1 1
0.755613052258 1 1
0.045553224262 0 0
0.789306347211 1 1
0.050615623948 0 0
0.037760363897 0 0
0.864309125884 1 1
0.820577200441 1 1
0.501731153454 1 1
0.025018222924 0 0
0.109561041663 0 0
0.031462138034 0 0
0.020938347364 0 0
0.013641590727 0 0
0.073454599236 0 0
0.039369706431 0 0
0.791919430902 1 1
0.058571091988 0 0
0.040718244749 0 0
0.012783428019 0 0
0.928689102295 1 1
0.016420457113 0 0
0.014164679498 0 0
0.851212792445 1 1
0.038174594052 0 0
0.930308826395 1 1
0.014372719594 0 0
0.929725570440 1 1
0.858188212590 1 1
0.924347370977 1 1
0.919663940218 1 1
0.010106293474 0 0
202 4
0.977272727273
