2732,2383,3092,3202,917
2607,1151,1806,813,3348
1653,277,2883,2504,440
3264,1395,1312,1264,2149
835,1126,1350,479,1465
763,1802,67,2615,1426
1731,272,1539,1458,898
1033,2050,2511,2863,1585
277,1838,3296,312,1327
1778,701,1446,870,1203
1828,2222,620,2939,2531
2647,1134,1884,1876,1782
3142,2336,1013,1304,2768
2648,231,2802,2012,113
2362,1943,1,430,1486
705,385,1169,239,1422
2599,3364,2238,1642,2824
2135,264,431,1166,958
2222,1583,2312,149,1797
2897,2907,436,857,324
1701,1024,1933,1207,1579
537,163,2928,252,2469
2893,3098,553,1248,2501
2120,1214,2072,1620,2862
2825,1903,2623,2337,2244
1940,2996,1988,1164,1065
2163,1686,1095,2145,1934
976,2719,1093,327,528
755,1885,2708,1673,2264
2046,2307,3273,2904,1205
1871,259,346,2702,2842
2496,1378,1857,2135,1081
2898,1140,2216,357,1801
99,164,368,1925,1584
2008,2474,358,1326,2132
3249,366,2990,1257,3162
755,1044,405,750,0
797,1257,2118,1668,205
659,2181,2464,268,2179
3219,2776,426,344,10
2958,1023,1876,3153,3053
423,3155,3092,1486,2768
3360,694,109,695,1538
3337,741,1953,2126,3014
2745,3331,777,849,316
639,1175,3259,2398,1887
544,3120,612,1033,2204
2591,2910,3203,677,501
714,670,745,1281,184
2292,1241,2110,1971,1876
151,1927,2440,2496,3334
2723,652,2332,2586,17
2558,240,1267,1831,1019
2930,923,3085,3241,1971
1207,204,1495,2516,788
2076,714,1863,2201,347
802,427,382,109,2706
2176,238,1535,801,1522
2176,2803,2675,2355,197
1956,43,2444,1144,2609
3125,1798,1922,3349,1537
1925,711,1764,2685,1167
756,2560,109,566,336
273,563,2637,353,1421
2383,674,3351,896,1864
388,2912,2942,2268,810
1641,3095,2279,2849,613
3114,1472,1211,266,2308
1466,1735,1273,397,934
2591,786,2166,2005,1656
888,800,2249,3082,966
257,2,231,3303,945
1345,3340,1918,2855,427
2105,1600,1871,1824,1662
2339,894,11,964,3295
3191,764,2057,163,3370
2827,3144,2625,1736,117
430,1795,218,2391,2369
3154,894,1419,1111,987
91,2010,2911,3277,448
1920,131,2123,2660,2492
2446,1254,129,2642,2816
2659,2502,1145,174,1935
1589,2452,1992,738,1664
2956,826,2969,338,226
2681,2050,2040,1044,1306
84,981,2334,3098,225
2251,175,3308,2460,753
324,1535,1111,1804,3201
774,110,788,2833,572
3012,1618,817,2434,2271
1071,254,904,1828,1434
639,1616,320,3018,2467
2036,2361,1954,935,1194
1155,1313,1694,1034,91
972,69,1894,2611,1980
2916,3293,165,130,2323
1204,1103,1814,193,723
2024,3161,2621,1943,1417
1167,493,2346,2432,124
1684,3061,1328,380,3013
3299,1304,105,1866,2863
3002,356,2068,2555,3006
2839,2748,1963,3140,1931
2767,889,2753,1428,2929
2957,2880,1144,1285,273
373,1469,429,2809,1220
1877,1101,542,750,1487
560,1548,1477,365,3001
1329,710,1848,2654,1409
1605,1137,2197,1195,384
2217,2609,2245,1282,2563
1699,131,3088,2427,3128
1472,928,1579,1541,198
3167,3187,1406,1587,1728
3269,1713,535,1485,322
256,2445,1192,933,1998
1905,75,1391,143,118
1316,3089,1968,1610,1570
1954,68,2855,2467,1004
816,2351,1640,1944,2399
2435,330,2854,606,2876
1634,2470,3066,1469,2175
973,2676,2944,2357,30
368,3317,2185,2303,1501
2023,870,764,1900,1918
2965,2480,1935,87,2321
201,1572,1772,925,2372
2431,1501,1077,1374,3264
1536,793,766,1123,2300
1930,547,2436,1482,1731
2418,960,1692,878,951
555,1856,3107,921,699
954,1032,3334,2437,1125
2071,3011,1577,493,2263
1723,2822,927,645,259
130,3173,1241,1124,871
2425,3068,2896,670,1286
2146,947,964,1795,3273
931,82,2286,1400,3344
2782,2424,1953,2059,1656
2171,1553,1169,2233,1811
1987,3198,111,3099,3155
2642,3336,1601,1000,3305
1966,47,601,3211,1857
2787,1579,1583,1188,286
3220,1795,2390,66,351
209,300,554,2965,679
2610,2123,2198,969,2464
1435,2353,2001,2654,2157
2830,1074,1859,1850,1665
3113,3210,1171,2302,999
3130,1195,2862,1819,1556
2753,719,3357,1141,107
3108,987,758,2670,1109
2826,3174,1348,433,2256
86,574,1492,890,2954
3115,2386,365,825,2112
872,1397,2974,984,989
2059,2467,1708,2600,648
2818,341,1487,3123,104
307,924,2977,626,2996
1104,955,2003,1821,3332
2080,2273,2981,2485,2370
1206,1113,2100,1704,3330
1152,458,1344,2098,1285
2854,1537,1553,2640,2866
275,506,657,231,693
1198,921,2033,523,2697
1578,2680,1447,2848,880
1395,1449,616,616,266
1208,1037,1298,825,2499
2492,2258,1338,895,3355
2536,1236,2679,1358,407
2334,1671,2595,2738,1697
1304,2856,2329,1980,3065
637,312,2388,2893,1108
770,341,449,958,2567
94,2085,742,436,1242
3298,1454,260,2236,1622
1899,1235,1681,3231,7
3341,1498,2269,3184,623
1904,1719,2493,305,2274
2344,1416,1848,1737,2862
1352,3068,2320,509,751
3091,2773,3266,2281,1134
607,239,2638,2958,2828
1434,677,689,2255,1811
2498,963,24,523,2935
1272,686,2885,1732,2387
180,744,1913,801,1516
2371,425,405,2029,364
3052,860,1544,2232,2070
3332,3135,712,760,1230
749,1081,1313,425,1502
2187,1015,69,667,2270
1020,2599,1632,434,1301
2646,705,2037,2655,373
2937,1459,256,145,2042
1645,701,811,1423,1376
843,365,2419,422,369
2744,1733,262,1922,1617
1552,954,398,1699,970
3224,351,1189,529,1289
925,936,1372,1447,1466
2197,2121,309,734,2654
1134,2741,1053,2751,1284
25,2567,861,2553,161
1488,355,2170,120,3041
956,2991,741,305,1679
1913,709,131,1161,2302
2934,681,3050,2073,2754
1141,796,3146,1693,445
1469,3318,1321,3312,680
1619,2938,96,2498,2125
2721,2901,416,1536,149
1896,779,3228,433,2379
928,515,2318,3289,2671
3300,2322,2914,3311,1593
1531,1955,1853,1797,3046
2811,46,1251,2900,1573
2169,2409,1859,653,714
1350,3217,2957,2853,361
469,1135,2385,2132,770
2335,2203,3362,1822,2168
525,1078,1634,444,2246
1863,2671,2387,313,3092
1720,713,1522,2555,2237
1176,2451,452,1666,2949
591,199,2635,2484,1073
2089,2046,2965,1430,2421
2322,940,2179,3165,3020
207,1646,2161,65,918
2827,2722,34,1065,2804
166,673,2259,376,207
2159,2122,858,2134,3367
1153,375,1736,2998,964
2783,2885,2537,1479,2983
1910,2524,2979,38,3345
2860,1838,2764,400,2480
216,928,106,1972,351
24,211,2007,2652,2074
67,1447,465,179,1053
3026,414,1248,237,383
1007,3295,177,2135,2790
2282,1903,523,540,2369
1740,1199,1640,3246,1010
2022,894,322,2185,1949
291,1128,790,282,3325
1750,2417,2244,3058,2096
1022,703,3369,494,3191
2749,1143,1834,3065,2278
2775,2231,911,2022,2943
2603,1134,2235,1680,3
2080,869,1340,669,2897
3083,1435,2919,2493,1342
1640,2053,205,978,465
2260,1059,2940,3127,2052
1162,877,1539,2625,3026
1718,1660,1530,2129,1105
1445,616,941,1438,2786
623,3267,307,49,1949
770,3228,1948,2036,1585
1563,2185,2386,318,3185
1241,299,2156,3073,659
2711,1667,2783,508,814
821,107,919,1995,338
307,1494,1646,1354,1831
1198,2666,3338,2435,330
1172,1770,1933,1853,2685
2997,132,1549,1880,3293
1565,1693,2003,2170,1736
2595,316,3075,2444,638
807,2476,1164,2586,2472
2121,2,3080,1796,2008
297,3038,2035,177,1122
2967,1093,2941,699,1390
730,1583,774,1066,1211
1970,1228,2868,310,3285
2924,1681,1439,2436,1774
1795,2127,887,59,1029
1823,2744,3371,1330,3140
2825,1577,2015,2775,1572
429,920,661,251,2684
199,2773,269,2420,551
1447,1539,1325,2418,2166
1085,2416,540,267,2645
2389,1183,1362,341,2809
865,454,1341,2489,676
3116,2047,410,962,1198
2850,97,306,1661,195
1954,3247,1551,1353,173
1112,3339,2881,2230,2600
2081,1895,1133,1208,2979
2693,1342,1715,414,617
2280,2238,2841,1210,487
767,3203,1554,2984,696
2084,951,3061,2487,2334
1792,2155,2599,1644,2897
1483,1846,918,1247,323
2338,2791,539,1880,1306
197,169,3116,1800,1931
894,1334,2726,2000,42
1973,281,3313,209,3193
1278,2438,2048,989,3219
3152,71,1673,3293,883
1470,959,534,2319,341
136,1373,1661,1465,100
2237,766,1943,889,1076
2177,1574,2886,2695,1406
2257,1987,3031,1048,1941
1392,1287,1975,2250,1402
2339,370,2231,1333,3313
1400,919,2970,1202,1260
168,3288,671,1790,1498
1908,797,1939,1448,2781
2852,1331,957,586,1873
176,1720,281,679,190
1561,1323,2024,1763,2678
323,2977,2887,2966,1364
508,2864,2427,1535,3273
2851,2766,1209,1324,2827
3186,2922,567,1968,2695
1822,426,2833,1920,1692
1053,239,1974,1257,655
1777,2037,1128,456,1883
3361,3201,3328,3187,149
146,2613,1803,2635,1305
1297,1472,2787,3293,1510
221,2803,1229,509,2249
2388,1407,2812,3177,73
509,1080,264,160,1275
2562,1167,319,814,929
2117,336,2022,1427,1484
1381,200,729,243,1153
908,361,1769,373,1884
556,1684,1033,96,2168
885,1725,2678,1253,1767
2813,191,84,1071,2029
1346,2870,260,2548,3364
2139,1451,443,1327,2268
423,409,3111,1737,1067
2758,128,2768,1200,2243
967,2171,2514,3282,1436
274,2353,2766,2410,3081
860,2471,3287,3316,3235
2091,386,2798,661,2566
1107,1222,2356,542,886
433,2947,2403,2657,2513
809,781,2171,672,1766
2141,1812,560,1735,985
1198,884,1310,2790,1414
1429,3339,1027,2147,1617
201,2693,2058,408,999
2546,656,2336,1601,85
2528,2509,1173,822,1661
2011,1214,2938,701,2251
329,27,3182,3200,409
209,902,1377,53,2856
2665,2412,2706,2644,2311
1978,554,225,2496,3052
1040,2692,3251,3125,2075
2154,3048,3276,2184,297
164,399,1215,2638,2879
606,1980,564,3366,1882
2676,3239,1881,2002,740
1215,518,2538,3330,805
1219,605,2526,771,1632
1331,2874,1715,1462,1029
136,1903,2396,658,953
952,1945,3241,814,2394
859,1612,2833,1778,1067
3165,2112,910,263,294
1915,958,1851,3334,1624
2798,50,13,2560,1668
1111,177,2657,1052,2265
160,1436,3316,3088,2684
2195,1018,3005,3115,2357
584,3015,2462,2271,2223
2503,2497,906,1848,928
1111,1074,643,1648,3099
3085,2439,3231,489,2137
1617,2024,1009,2907,2075
1144,2365,3104,329,1342
1908,2736,1201,1572,2493
2999,494,1408,359,2446
2880,1174,1774,2823,3009
2763,782,1560,672,1537
732,319,340,782,1800
932,1503,555,1422,2407
281,1877,2409,383,1592
800,564,730,1891,310
470,391,1243,2655,923
1308,3108,3031,2939,3132
3348,3306,3162,1548,825
1558,2452,1481,2546,21
1251,2598,1370,635,3201
2938,2436,1449,2570,1085
595,2192,3055,1444,273
647,1762,3231,2191,1155
573,3183,223,2165,1310
2701,3256,1288,626,172
1541,251,433,2132,3159
256,879,1361,1768,2640
3208,782,862,1424,1151
3279,1007,186,80,345
2511,743,2333,1713,1627
1163,3199,245,1900,1039
1028,2063,1232,1050,2584
2471,654,1108,1684,1793
348,1930,1672,425,3059
2989,758,2340,2986,1716
1306,3332,2909,2734,2314
586,596,1723,1566,2377
1844,1129,235,929,941
1006,2792,108,1791,2889
3291,564,1295,3258,1577
2867,3324,2061,1971,1130
739,1501,1790,2075,3026
873,835,1253,1629,192
786,2292,1744,323,1467
1314,1836,2866,549,2909
437,1242,302,2872,1090
1847,219,130,1356,581
1532,1794,3233,2,1552
1020,2236,476,1996,2062
2834,2114,602,1907,2058
941,2557,1281,207,2180
2903,2583,1434,3208,1532
449,749,339,158,1470
1514,2076,411,1626,1030
3125,2297,1635,1277,2668
816,2869,3222,2078,3223
3166,2962,2777,2149,1109
2107,1903,3288,40,2820
2384,1092,364,2048,55
1690,1060,1876,875,2152
1660,1873,1956,912,1793
163,1048,3317,1808,2765
945,2777,2968,341,683
1130,290,2590,2666,1010
201,2872,1676,142,1456
1805,2034,1844,3275,1374
2937,1993,3319,2055,1128
1862,1316,2794,1191,2531
550,2473,1592,200,1371
1672,262,220,944,39
3085,2961,68,1191,2822
2040,2335,69,1423,17
903,506,1196,2146,2981
1744,1650,1365,564,130
3064,2287,2810,1489,1980
2582,1004,1649,2374,2425
504,178,920,615,106
2009,784,1160,2729,1731
1800,3199,1784,650,1276
3281,459,492,847,428
1479,160,2170,2639,637
2516,1894,1402,370,1578
1497,473,414,2285,1240
1596,550,288,2038,1529
400,2333,1365,1171,878
3128,3330,2233,2989,1869
2930,1619,1361,860,515
2711,332,3198,323,3154
280,1938,3217,2862,500
1028,1088,402,3286,2389
2660,2473,1913,1453,231
1004,1174,2723,1453,2661
2353,2577,826,585,1211
2391,682,2645,281,475
1566,2052,2541,145,1303
153,2180,299,293,2420
2405,1426,2495,68,2894
2745,2757,371,3347,1105
407,2062,2145,1721,600
1053,10,969,132,866
2977,306,2203,1598,1038
1395,989,1001,1393,644
2679,2771,1587,617,3192
2995,2850,1700,2192,2590
854,3,688,2897,2140
2550,3080,225,384,2229
7,3034,395,2480,2786
2665,1618,237,287,849
3057,2695,1771,2037,289
2185,2410,1518,1833,1994
2742,3107,417,1860,3106
851,1070,2190,1637,3006
1400,3245,1390,2972,2745
932,2499,2719,2194,661
3220,570,1239,2911,593
3056,643,1707,2687,1888
3331,2246,1410,912,2020
126,3138,666,3188,1048
1834,3045,3300,1748,1376
577,664,2542,2594,970
1556,1719,2057,3240,3006
804,2491,2433,1625,1279
1348,1699,1976,614,2820
3024,1283,835,2583,1390
112,3058,849,342,2304
1967,2882,3329,2623,3152
650,1534,1136,2223,1314
237,2416,2334,2592,337
1384,583,993,1655,1123
990,3082,2991,1325,3193
1883,2157,2058,85,1117
1579,1215,1273,379,2957
63,2160,517,492,585
2502,1401,2346,394,2741
1289,5,198,728,2213
603,3368,3177,2890,2229
2671,436,1702,2987,3070
1443,1963,2565,2537,2100
2387,902,1340,1215,661
1868,389,2718,441,1173
1298,232,571,2668,684
2274,1610,8,2888,1835
1249,647,1215,923,2723
1963,1821,3281,2855,28
1667,2916,375,1514,2541
2956,338,1622,1692,3018
3300,47,2179,116,2136
2417,2492,783,2078,3204
3200,2367,614,1439,2113
807,2683,2414,64,1305
1048,2498,2548,2187,2072
698,297,6,1015,1454
292,1565,1629,2341,2724
2403,1120,3094,1664,2898
837,2748,2058,2924,298
2182,820,668,290,15
3,537,1927,1042,2088
1250,659,1371,2848,0
2937,1269,1520,422,1164
680,603,1107,1951,1793
2492,3226,2419,1419,2236
1441,3031,1484,2941,1441
3356,466,179,3190,2046
2884,3333,2323,3287,2251
26,961,2291,1234,1149
736,2645,1822,1947,2983
2296,3362,126,2849,1611
365,897,1307,1925,1259
1971,605,1807,2756,2754
3273,1773,47,1667,411
1461,2018,2583,1133,724
197,2318,954,1483,384
929,234,862,1548,1689
1671,1566,2003,1865,1316
2685,1929,1160,3211,2017
606,2486,1677,3063,1280
2120,391,1318,255,226
246,166,678,933,1360
2900,92,2306,741,2744
1159,1621,810,628,1559
1731,2263,3123,3220,1877
2261,1445,2116,307,2457
2150,781,806,1225,3245
2375,109,2757,1957,144
595,1704,1983,2533,988
1247,2358,437,762,1083
2304,3198,1086,557,915
1131,1473,1390,771,2629
2974,2888,1650,531,1548
1993,58,1441,2958,2731
2003,2151,88,1203,63
3221,876,2668,1398,248
2021,1097,3292,74,982
1416,2609,2301,1590,674
1707,273,2220,2439,1413
1582,305,1678,708,2335
0,1113,3314,2182,2615
691,2519,2420,3140,2984
1574,3001,2756,2600,83
1113,3048,1385,2144,2854
3146,249,2129,1176,1528
2547,115,1743,1935,2872
2786,714,959,1074,1956
2683,2906,164,2915,2623
343,3341,1420,2383,87
3168,2335,550,1518,3060
2899,3196,3259,714,2046
282,865,2525,3250,935
2766,2541,354,2212,2633
2080,2305,3050,2194,1004
3187,1504,1567,622,574
2502,2219,1001,1717,3222
1889,2743,868,384,2863
428,838,3305,325,1338
827,3362,1867,2941,1889
1849,990,2055,1604,1143
2738,2606,1093,2216,1774
2221,2394,333,1196,1372
1769,1510,1982,1036,1085
3204,3044,430,2053,1421
93,657,1568,3195,2765
1425,2928,1056,2526,1689
2467,1292,1564,3351,1058
404,2863,12,1232,3290
941,1396,1117,2086,894
1209,935,3059,450,849
975,1904,3146,1375,2744
375,2992,3050,3035,3064
2750,2713,3127,1634,1265
497,2880,2889,1718,473
3277,316,3059,1086,373
1438,998,2353,1248,2229
1389,1182,1531,402,2991
1879,2281,1043,1868,1588
738,1775,3286,469,2410
419,3172,2455,601,3172
2633,2908,2590,1243,477
3290,2538,956,3121,1862
1975,2639,436,1151,1512
1562,422,1522,2216,1744
1398,1287,1823,827,1181
1046,2597,186,1542,1475
460,2290,3324,1321,1678
2767,1858,1680,774,403
3123,2125,2834,2277,2012
3046,1300,2063,1155,1390
1838,2862,1696,1878,895
1468,477,78,3201,291
2863,288,774,2868,931
2042,1844,2927,3133,3297
2152,2487,2243,2230,447
640,2028,3142,445,2057
1933,3052,3279,2722,1957
327,2488,1877,978,3165
606,86,3251,707,2882
1542,2540,2234,2306,2034
3317,2277,973,2283,2126
1438,2620,859,619,2183
1551,2722,2970,417,1793
2217,573,1562,1408,746
2214,950,2628,1655,237
1333,1062,925,2001,2250
2987,988,2396,791,425
594,688,505,762,1166
3292,418,91,1857,1922
2881,3005,2208,321,1364
1705,1729,2733,257,1116
2882,3254,113,503,1200
3186,2925,398,2580,1898
2908,2286,2884,2124,1862
334,145,2393,1226,1996
741,2612,1504,1887,1652
1243,2338,3340,1062,1990
3318,141,1339,1477,623
100,17,1450,2232,1867
2463,1557,3007,789,1302
2269,226,820,2906,1046
1202,943,2484,1213,1046
174,3314,1202,1381,354
605,1190,120,840,1277
780,1183,946,1416,668
1769,860,1905,636,1688
848,2150,2519,1948,822
1090,2810,2789,1279,2483
1480,114,3038,1125,2891
1011,1264,1206,1617,429
2173,1860,3029,2482,2857
1162,2469,1875,32,2045
624,579,2904,2296,1008
2778,3126,2425,1591,549
1179,2069,1711,1752,2514
696,2197,599,1798,1493
3192,986,2989,3327,1372
321,2370,3134,15,1287
2496,2863,2314,3305,2741
2757,1056,2654,1380,2464
3362,229,1120,2831,2429
2051,1697,2005,2010,1664
2748,1251,2920,1553,418
3310,1978,1078,2095,2418
3243,928,862,2706,1381
1747,1639,1670,88,1756
2904,1169,1945,2824,1662
902,905,2565,1908,2205
627,2659,695,2710,3014
902,1964,3119,3289,1604
834,2646,1518,1759,3081
604,2309,411,2802,2183
869,2166,2465,1004,1362
1133,321,731,2861,1869
1353,2749,1680,1562,1791
100,235,2383,911,359
694,133,2491,2244,2082
845,2282,3141,383,1135
1941,196,3144,236,173
1531,2695,1680,1149,2795
671,950,2278,1876,2776
3107,19,1843,3247,143
237,2034,1628,942,2895
3315,2867,0,2933,1451
2298,2982,723,2351,55
2440,2807,535,2606,1438
2814,653,1532,794,662
1305,11,3230,2549,3218
21,855,756,2567,1546
2477,1382,622,771,767
1253,566,806,1945,538
2006,3253,2728,2753,1488
400,587,738,3356,840
1177,2344,1617,847,8
1006,2037,2687,3120,1698
3191,607,911,1279,2908
1701,515,2122,2759,678
1409,503,3346,2401,127
1413,1154,1512,1798,360
1734,1991,1307,2552,2944
2444,258,2355,1362,2404
586,281,892,546,1533
3067,1413,426,3237,1562
950,2064,1510,1893,2190
3150,1138,718,1635,378
830,136,1839,744,2875
1608,721,252,785,482
2247,1144,3241,107,2720
3205,590,236,447,1075
699,2566,899,1430,2279
1194,589,3189,1956,1636
451,568,1945,1042,2745
2186,3036,216,585,2558
754,1795,2924,3205,3
1337,1339,991,2183,2335
1369,2415,3287,2321,3329
387,3076,2045,3240,3039
1149,1024,2383,81,544
2766,934,2069,3164,2428
1221,3206,3132,216,758
1722,1907,3101,2720,625
1924,1684,2582,891,139
3089,2552,24,688,970
709,2758,2115,1763,2546
447,832,1673,1433,1329
350,323,550,1693,834
664,3195,1856,156,2821
325,3141,2383,1239,2191
424,367,492,1528,1559
164,61,3049,958,306
1201,2343,142,2633,270
2712,1339,2629,1901,1258
673,208,3153,1609,2485
1938,473,698,3274,2367
462,505,361,1301,660
753,3355,579,1942,104
3207,3275,240,2684,254
1973,3048,2259,1499,2437
747,960,2130,2564,51
46,289,363,1846,532
3060,1305,689,2279,2532
2687,692,1649,780,3294
2977,688,385,3265,2099
337,2466,1671,3220,2881
1181,1652,520,1165,421
1838,1576,636,756,726
2934,946,3342,1050,2232
288,2750,206,705,2966
115,3186,2194,883,293
1623,3371,1775,2032,1999
2684,1655,1187,2401,2324
409,2086,812,2565,1786
3246,2195,1000,2734,2999
2546,2530,2407,1994,1328
622,1173,1695,3363,2991
1600,419,3265,104,1772
2633,2691,2778,409,1321
146,3033,3321,3119,3146
2820,2940,2456,1536,228
1799,391,1318,149,2787
2691,3332,41,2695,170
1072,516,2783,2818,14
3148,2101,1208,1668,2334
2341,393,2635,1720,175
116,964,2544,369,2011
1517,2721,2619,890,2240
1584,2993,331,3106,2914
2157,1943,2801,510,1029
2002,3001,1457,54,1850
2227,2800,2801,1046,691
2609,3040,2287,1231,1742
3143,92,1906,2453,1760
1309,3095,1389,2029,256
515,112,2333,2895,67
74,1981,996,820,3148
2538,2050,818,3351,2207
1911,3328,2169,1374,259
3280,1801,2954,1197,1771
1066,1863,554,2812,327
1522,149,1020,246,2908
28,1488,1227,1777,1007
1434,590,697,786,2484
2903,2003,1129,283,2189
3252,1100,2941,3282,2735
2352,1359,372,2697,1037
1986,723,1760,2530,954
1638,3218,3291,2170,1470
777,1602,2311,23,3214
3330,784,439,2462,936
2924,3064,3284,2407,3260
1769,331,401,363,150
857,377,74,3209,1518
1404,1353,988,1490,960
885,1046,710,276,2158
612,2324,1592,1267,2203
90,617,2460,3181,899
1092,2515,2303,2667,2011
617,1348,1680,2006,2588
1546,1103,61,476,1040
12,1441,1860,2860,1436
1640,3008,2245,401,2101
2273,879,472,1577,1685
2469,905,2358,2825,602
167,3121,1008,2071,3177
928,2794,1952,3277,953
1402,3210,2487,455,3243
3361,369,1473,2047,2239
922,615,751,3219,1868
99,2594,2316,2744,2484
3289,1959,1433,2312,3134
2354,1968,1600,3118,983
2392,1324,2373,1275,85
3282,618,76,1480,162
1812,2305,926,642,2694
734,1992,680,2939,2388
1608,1280,500,2446,438
1298,2187,2332,1185,568
1433,2970,11,1092,1829
920,478,2653,1270,2319
3306,1899,1601,737,1806
1659,2835,3176,360,3005
284,853,1408,2113,354
1688,1793,108,819,2329
2220,1530,690,1835,908
2349,956,762,3320,2153
2870,594,2459,2926,1466
0,3067,2232,1411,2701
2186,2737,3068,3124,2746
707,3263,2127,472,683
1926,884,875,4,2720
1755,615,2320,538,82
1891,1048,346,2462,2854
2489,2116,589,164,893
2963,2842,3049,891,1854
1186,3179,919,969,2532
2098,2614,2364,2460,680
2290,2517,3015,2156,3034
870,3229,2534,270,734
2068,1230,1601,2745,2855
2731,2304,2155,1150,955
630,2575,2494,415,3072
2176,672,2216,1832,161
1508,765,324,2753,180
2413,755,2191,405,1752
105,2789,21,3174,264
225,197,275,2527,2144
1807,1950,650,1020,2320
3190,3177,1048,3103,2455
2593,687,153,1761,263
2199,1522,1205,2950,2653
1932,373,1428,2972,3237
3110,2951,1891,728,1665
266,2046,1239,980,688
3078,2974,2750,3356,3088
1286,1054,2494,17,2858
614,2473,3022,3111,1721
331,3080,3215,1168,637
1394,2113,1668,2106,794
1365,3336,1387,1025,288
2418,3321,1636,2921,1044
2738,749,3294,2357,701
3330,1073,1120,2885,2185
669,372,871,311,1810
1545,2112,490,3171,2897
627,2651,2645,2719,3190
968,2098,2675,616,1913
389,3248,2945,577,1043
2676,2717,690,1384,3262
181,583,3095,735,281
2283,1562,3136,224,2457
193,1503,270,2706,1675
2639,2937,475,3304,2851
3134,2835,1229,1822,945
2380,1150,3365,1806,868
2607,2184,2612,725,2005
2636,3111,716,2271,381
1685,925,1410,1440,1423
120,3351,114,139,1203
1810,40,2401,2918,2010
2393,3201,1527,236,284
525,857,1230,1102,2786
222,1496,2961,783,1630
236,798,2025,2695,1116
2153,1449,1735,3015,3049
3285,2896,3099,330,2456
612,1404,1431,1876,837
1576,2878,3171,3233,1111
922,1895,751,1527,2394
3230,1863,577,3090,276
2191,1638,3143,170,3015
959,1317,2105,155,2626
3109,2859,1527,792,2064
95,2491,2891,69,347
2400,672,2233,3267,2613
2544,2889,231,2718,413
2256,753,266,1119,199
2336,767,2056,802,1763
62,2024,2830,1050,2213
2442,2960,2013,963,2086
2444,387,607,2544,2698
1629,1575,1818,23,546
1437,421,1843,1224,2830
2394,1530,425,490,2102
2023,3331,976,1944,601
150,2618,3113,1002,3238
403,515,2807,2438,865
2437,523,2301,842,440
2852,1134,813,2941,275
595,2747,2399,1913,3301
127,1164,666,3055,897
1508,1888,3173,1451,1278
1797,1959,2815,1646,1224
2508,2866,3013,3321,3237
3226,2816,589,1255,2483
1107,566,2825,751,2918
2022,1078,3349,241,1625
1159,1879,2,1588,473
3252,711,2287,1754,1782
592,1723,416,3117,3109
2461,482,1604,2532,279
1024,1805,124,2511,2681
2767,1054,1960,2962,439
573,663,2822,2819,2208
2371,2979,193,186,1916
3216,929,309,2471,2332
1904,902,2407,478,2673
1481,2072,3124,1413,2469
116,1058,1598,1455,3014
741,3063,3306,51,2803
824,1640,1855,2609,576
1342,441,3276,1609,1509
3000,358,826,908,2558
2608,457,1000,2464,2640
1169,664,1612,2383,2377
1909,1757,1296,1014,2164
492,1541,3286,1824,1346
1214,1264,767,1827,2689
2127,2992,1816,2546,2177
742,2969,2181,764,871
3278,1476,765,2558,726
417,1774,1802,1596,2452
1924,2086,1128,1519,3198
2960,2432,1212,1372,1354
2276,2254,345,2431,1004
1863,3145,3098,739,1929
2414,2276,1689,1452,2605
7,1970,1246,3306,311
2557,28,2329,2616,2647
790,1423,2629,2312,63
1890,706,3355,945,624
2206,3108,1216,560,328
1782,647,1794,2231,887
1616,2001,1481,479,2960
1179,1695,2254,1849,2338
495,3243,1431,2773,813
626,41,2027,2338,2974
2571,1487,2484,2999,163
2007,2844,1221,704,1210
1870,382,34,2347,700
798,182,1503,11,182
2138,1844,1922,1160,1559
2338,2166,1380,2967,901
2614,2730,2843,568,632
1873,1784,667,2041,3164
2723,1439,2240,1592,972
3143,86,2026,3312,2596
2925,2617,1272,1335,90
624,2546,2789,1902,660
421,3095,840,1117,1507
1092,1148,3208,381,3287
437,836,813,3208,1277
3085,2624,2829,2325,1858
2149,2246,1556,2936,1924
787,2116,129,2292,125
3336,3275,1958,2764,2289
2912,2016,750,2731,2339
1745,1232,824,2299,563
1221,2762,2635,203,274
2428,510,664,2081,3346
100,3238,2039,45,2303
1409,1462,2909,2025,2618
765,1639,1439,2099,2849
1181,1021,1685,1776,2215
901,1271,1756,2375,851
230,128,2764,2279,2899
504,2825,2369,1382,1540
1960,1611,2655,3031,2958
2710,1076,1974,2114,1227
3102,1233,650,3242,1637
2303,1385,2780,37,1109
2579,687,2096,883,3077
1796,2757,3045,753,1678
660,2084,2837,916,2126
2922,1412,1739,3121,1414
2634,1787,132,1574,586
123,1009,2044,2773,3217
3286,2251,486,681,109
2364,3111,3195,2429,3287
2789,221,2156,1361,2242
1274,747,1230,2428,726
1629,190,2485,160,2876
681,685,2531,47,3218
1576,2507,999,594,208
2236,1834,426,2843,1143
1233,2208,1784,1867,1072
691,897,2655,1749,2370
1320,748,1352,328,840
2107,1199,1787,574,213
2538,3370,918,211,2659
1502,1322,2599,660,2955
2589,364,34,2779,2857
2273,3274,291,3325,1615
3310,426,2548,902,3251
382,1768,996,2985,1940
2264,999,1460,1116,1140
3344,2669,223,112,3158
2915,1641,2814,1355,2021
3239,1576,1723,6,345
508,2668,2609,671,1863
3137,368,530,1965,728
3272,1872,2358,420,299
1408,2908,246,3097,1551
1111,448,191,2589,1263
1391,1599,1721,502,1355
2495,1068,1071,1150,2730
2458,2941,2795,581,2137
729,2690,2290,2233,1120
1369,1944,2005,1215,885
3206,1997,1728,2632,3031
2264,1415,2942,2372,2279
1527,3283,2682,1313,1518
2511,2275,1705,421,1170
1125,309,2705,2945,429
1321,501,3217,1687,929
1937,1437,2465,3121,2353
3115,724,3112,524,2860
1134,970,227,2049,3275
374,809,419,2631,2603
2963,930,3362,1372,2338
2799,1198,2907,3246,539
1814,3005,2531,2980,1934
2571,2763,3187,816,899
2977,3325,2057,2488,840
2167,712,2651,2217,961
282,1653,2970,2648,2312
560,1335,1549,2093,847
3271,1780,1188,429,3149
239,2628,3370,3343,3067
2742,303,1304,551,1325
608,2567,816,2818,3124
356,248,1331,810,3063
1874,312,988,2315,2792
2647,85,504,2927,2746
1429,1110,2207,3012,3283
1534,19,672,1887,396
2562,1350,1196,1734,2680
3336,1376,2650,1724,2450
3338,357,3208,2498,254
2309,1366,1041,1081,2352
3366,2409,1647,2762,3093
2982,1780,2710,170,144
612,3211,413,1709,1702
449,1195,1792,2769,1220
1653,67,2566,110,2911
571,1760,207,1484,1709
901,925,149,232,1251
2309,2965,594,693,911
2086,1233,3011,391,2577
2136,2523,3189,1867,108
1743,2305,3187,2326,2507
2418,2721,2583,3300,1916
1289,1387,2362,2673,1825
3204,1127,2187,2684,1429
2993,2809,3126,2124,2072
3096,1707,228,3271,334
1630,2099,1048,831,228
1291,3045,3113,593,2717
397,466,290,1590,2975
2532,2486,2242,3207,2541
2129,1999,2184,182,1642
1178,307,2979,3271,965
1711,2477,644,904,485
1634,1256,195,3156,2946
1557,132,2468,11,3357
1706,2744,1602,2520,799
2489,1912,2956,1148,2530
1169,490,2879,410,2115
613,2452,2393,1805,2678
3316,784,1660,2160,1676
2517,1077,1816,1580,2275
183,2005,1967,2188,660
3268,706,2480,1611,2865
111,1428,300,3278,374
1250,952,2019,2323,812
2827,408,824,1186,796
2145,749,739,786,1672
2286,1727,2441,2662,210
2451,1039,175,3004,3210
1035,2328,900,1473,81
3041,2408,1384,1605,2977
1561,643,1050,1331,2392
1121,2451,777,3303,3129
1375,652,1881,1264,566
2349,114,123,904,2188
2822,1866,1865,416,205
2649,2441,89,1146,2050
2541,2751,2372,2310,91
2598,988,542,1953,3100
51,373,1441,2682,2836
1040,1759,117,131,3264
771,2024,1757,2111,2792
1882,3207,2357,1531,3306
430,1321,2808,1449,1045
1437,622,336,181,373
770,400,2911,570,1105
645,1202,193,965,738
1401,2855,1345,44,1514
2831,2083,1517,3170,1450
2894,1898,1694,385,2203
1443,2332,2857,1127,1702
2228,1653,2047,754,3318
1383,1105,2213,76,2935
2311,2085,2346,1041,2874
2739,513,702,443,1522
761,2513,5,2473,2338
947,2334,654,2356,2810
695,3106,2185,235,1079
625,1027,2005,1315,933
395,2219,2078,311,687
2499,1537,1687,446,2777
1741,354,337,2018,1685
2555,1841,138,693,1965
3324,3175,559,2376,2079
504,808,1021,2218,692
1860,3154,1463,455,1551
3189,553,688,1037,3092
2419,310,2438,392,3216
1209,3029,2069,83,1574
2397,1711,2467,2735,1960
2662,1628,2283,2419,46
907,1919,1307,2745,507
3308,2857,912,2462,83
3,1420,1830,1227,2424
165,2255,1188,2488,1936
1415,924,3335,2097,1093
1821,1305,1038,995,1114
1102,2299,549,150,2279
3017,1266,1988,2963,569
523,53,287,1908,1759
2832,1101,584,2991,2342
3132,1697,419,2482,2713
2683,2510,327,1506,1659
103,2421,87,3067,3145
1727,904,314,3145,1852
699,3268,1976,1323,3172
2177,2094,875,2066,1095
1938,853,1489,1588,1797
1308,1814,872,1132,2203
448,270,892,1541,752
853,2304,309,1562,2387
1609,434,2340,1295,2215
2952,485,3281,1439,1530
2524,2230,1697,11,2808
2421,1202,936,3074,1510
1971,2953,2413,2231,1356
2897,1825,1448,2218,408
439,3316,723,1660,3295
3087,1576,287,1230,2289
131,680,1906,652,91
1130,2803,515,458,1146
2520,1927,512,2759,3134
213,922,2848,1430,819
3356,1970,1925,55,3149
1614,185,232,463,781
2927,1553,2823,948,1868
833,638,2245,1347,1683
844,2314,2191,1999,2743
1291,2347,621,107,1099
1305,3006,984,1504,1340
1383,225,960,1410,1225
1803,742,2298,1023,3163
858,787,1313,1689,1000
749,3293,418,2669,55
1442,390,2592,1851,867
1921,3077,1838,1798,2471
3070,3268,184,909,1850
656,1474,312,2414,943
3329,2536,2079,1740,2220
2576,839,1616,754,635
2593,1960,198,3193,1039
3105,2840,1546,2681,87
3244,1239,1814,2654,1887
1510,1716,2230,3033,2514
808,2710,2190,2871,566
2376,1577,163,79,268
2253,774,180,2483,240
1130,2168,2627,2504,2051
595,3278,1642,2668,1617
754,563,435,219,866
1440,679,3302,64,2364
919,3071,2922,3115,2336
324,536,2618,36,2433
1439,3103,470,1116,2111
662,803,3245,3370,1047
3136,2772,557,234,513
3359,1112,758,211,2878
79,2528,741,2850,248
83,1627,1913,2885,2354
2831,868,464,2146,418
2867,1490,1889,3362,35
2733,150,1684,3009,2880
1034,1506,510,224,2843
1524,927,1959,768,1244
1641,2556,2218,1599,2142
848,3150,1469,869,1673
3142,523,2870,130,907
2069,1727,2912,1151,985
1731,1738,1633,1605,87
1360,3001,1521,569,1908
1344,1338,1840,2681,2334
1153,2598,689,3276,2687
1842,1193,991,1153,607
2912,3030,2389,775,2893
363,1058,3200,807,1682
1019,209,2582,2978,1680
466,426,2623,876,3140
2386,3142,2897,2399,398
697,3203,1317,590,3063
911,2984,557,1720,2699
1307,91,502,1075,257
2264,3020,2095,2930,3052
313,1703,1032,2837,2514
2874,213,2038,2003,1863
2264,793,432,543,922
1996,107,2089,1584,1397
2317,1405,2977,2609,1833
1938,3009,3319,3299,3369
78,1904,85,2098,688
1812,2603,3173,2080,2258
1607,2725,1632,2368,580
1719,107,17,1381,835
2283,1497,2586,276,1897
3317,983,939,683,2434
3163,708,2966,1477,534
2092,455,1732,1448,2557
2045,1117,1336,1945,2058
1623,2049,1609,3191,1708
1995,23,3285,274,2152
1613,2263,2859,2519,2182
510,344,917,1093,3189
1631,2393,1343,1891,101
110,2373,3000,2354,2725
540,1942,2713,3348,2703
1729,1104,1935,2112,849
2097,2399,1953,429,3174
945,3312,3186,2655,2023
2391,1728,1496,2055,1601
3113,498,1221,592,3047
1498,1987,710,1635,3333
1776,353,695,2661,2374
1218,1478,1165,3006,3226
2991,1076,2011,3255,2952
2321,1800,1292,2896,2125
3092,2840,1154,1940,1887
2726,1094,2644,632,3189
1344,1355,3134,3363,3179
236,1269,768,163,1600
662,1125,2067,23,1102
2127,1527,2723,1496,1756
2122,1561,2902,1849,1312
1186,2483,1555,138,254
2726,2858,761,1685,315
3062,2693,1659,2644,2551
1685,900,385,873,1782
373,764,1527,2267,671
3232,1791,1773,2196,597
2474,3006,2019,2405,1738
1407,1834,1980,2516,1432
611,3065,3276,594,1679
1833,3084,2291,2067,2112
2809,2832,1727,330,2681
2919,3257,1049,1095,407
1787,13,1841,1450,2375
2352,1803,1360,1471,2406
1407,2410,2319,479,2395
1674,3367,1014,2510,1107
1348,1280,79,349,2728
1297,408,2047,2739,681
2819,2928,1960,3187,1787
1630,2715,2331,31,1490
471,887,3338,1953,824
2333,2718,3336,990,2045
614,1240,1777,2151,2091
1659,3036,1752,374,444
3230,1432,510,2027,165
1227,1791,236,417,96
450,2942,222,635,1255
2695,1118,3251,29,680
2739,2681,1881,1928,800
2292,1972,2532,646,443
2633,366,568,2303,1887
1984,2720,2926,2413,1119
2032,1518,2911,2210,1245
401,995,163,202,284
1704,3158,2505,954,687
243,2863,3175,244,1726
2581,648,2829,614,243
1630,612,880,1816,1049
1946,2740,552,2621,3159
3215,2254,2401,921,1697
2800,1852,1647,1246,2544
1809,1764,437,692,1186
2314,827,2155,670,2213
1681,1489,2963,2347,401
2179,955,2700,1179,2295
3047,2003,3081,3327,3186
797,1368,2089,775,3303
3267,2136,2320,409,2380
2503,99,35,2000,973
464,1266,2373,2740,2278
2274,204,3045,2868,1372
445,2388,2977,2412,2409
1882,3079,1477,1986,2993
1124,1110,474,2486,963
2182,1836,93,2820,3357
32,760,1329,584,2372
3153,207,2336,2928,1840
1655,3104,2811,2836,1384
2422,1057,2478,431,1317
1781,1665,1356,3297,762
2341,423,2467,701,1730
2679,248,813,2886,2134
1307,1470,2820,1527,3127
1075,62,2939,1478,200
1614,3046,773,1273,3117
1622,2331,1961,676,2368
1631,954,1369,2522,59
2056,1634,1881,545,2501
2845,1389,2230,468,268
2716,230,2101,975,955
2015,1945,2051,1848,1819
1442,1360,2348,2571,386
186,3312,433,1551,1294
1919,3186,1705,2794,879
1500,1535,978,2453,2417
2159,3273,970,1115,2016
1595,2713,1626,1067,1414
247,1807,84,1874,3204
1004,1104,12,650,194
1031,2557,1361,2316,2754
2956,1636,2653,1712,2605
1312,7,2377,2806,3289
747,1265,194,1398,1097
75,2344,2753,626,2554
3293,550,3171,2050,2015
1064,2597,1811,2507,2686
1024,1649,231,390,2840
212,1637,148,215,2383
1133,1476,639,1257,530
2652,3298,3365,1246,270
3277,3322,2038,2237,2123
1189,542,267,703,3242
2479,1761,2679,1690,751
573,1499,2102,248,2464
103,1753,1689,3114,1101
1970,1445,2642,1923,1934
580,1951,362,1108,490
494,740,1707,2391,2066
3020,1274,1673,2431,1310
887,2993,1303,843,1866
1156,1967,1793,2564,951
2665,2357,1974,1973,633
2596,615,774,683,738
336,1672,28,1245,1709
2514,1810,3164,74,227
165,3028,1119,88,2859
734,3097,2353,2047,878
373,423,357,1210,1109
1518,2013,1639,2261,1620
3363,258,2148,2761,417
1968,1714,3243,934,1208
1664,1233,1055,1354,2913
1585,616,1089,3273,2016
3257,609,2298,1317,859
265,1027,2968,587,1632
2098,2074,2082,2532,497
2785,437,2429,2863,2524
1200,3183,100,821,773
524,2008,1322,572,1556
2547,2239,203,3314,2661
1956,1279,1243,506,550
1123,369,2289,157,262
358,478,1503,28,3274
1060,627,3328,1959,1118
3358,441,2755,2758,3074
1650,1089,1090,1410,2926
3219,850,1325,1545,402
428,2375,209,2275,3128
35,1707,780,3080,3357
782,2629,1012,520,1588
2077,2874,1383,3331,2098
60,2472,2537,2256,1979
1016,1637,2310,2504,356
2883,1683,86,1225,341
1821,3106,828,1051,1084
155,3285,1663,279,273
3203,3044,2099,2813,1819
1057,2136,2616,244,1747
435,606,1230,1307,1101
1435,640,2989,2106,1697
3300,216,2368,2203,1753
56,365,2172,64,2940
2325,1839,3364,658,5
679,2936,96,884,2729
2589,516,740,1561,565
2289,2112,946,2480,1132
2973,1444,1955,2636,1282
957,3255,1886,1788,2761
1594,468,2527,2994,975
1816,1797,510,1452,2879
114,1725,2045,2681,2819
3344,1046,527,2939,61
2496,83,1752,3066,1216
2018,844,790,2102,1068
2683,2365,2071,1439,670
2061,2215,161,772,1364
769,2848,2420,3175,614
258,3102,456,105,177
1858,404,2665,729,3290
2195,2490,1464,2605,1622
2548,581,2511,348,2254
1484,458,2067,1813,2999
1575,344,2126,2726,1571
1613,3275,3366,919,2944
2993,2965,1061,439,3021
1306,2300,2851,2334,1014
371,2374,3339,740,1216
1164,705,870,2784,1774
3313,525,2716,1451,60
960,2005,227,3044,2888
2305,835,1247,143,1800
2336,2269,3281,1271,2801
1534,1033,2601,1673,2945
3356,566,2382,1958,1473
2746,856,1138,1613,3343
2754,2743,2979,1149,149
2780,2532,3262,2411,942
1089,3068,1445,1831,3330
1229,1658,2615,2659,1872
2387,823,2850,3096,993
2607,184,2798,1305,720
2641,2324,2335,2404,3226
420,1491,2515,1865,1095
3271,1406,613,280,1776
1333,579,3095,472,739
1734,293,588,2321,1156
649,1667,238,802,1450
2834,2982,1104,831,2758
1181,734,2913,1850,2730
693,2849,1975,2581,2811
3004,1113,2139,3320,1740
554,3241,2278,279,2401
2514,22,2435,1133,204
2690,1509,854,1354,2110
2845,2370,1550,2703,1395
2449,569,2971,2789,3299
2083,494,3081,421,726
2936,243,2339,2142,1079
3347,3301,2894,2526,1559
355,3130,1722,742,609
2925,1144,268,2977,2985
1720,2204,820,2888,1788
1730,956,953,459,2830
2836,2275,1197,362,3353
3203,2863,3091,2293,746
81,1313,2653,3101,1038
2988,2969,2035,2174,3180
2086,2506,1398,265,1656
3114,231,891,1151,671
3018,1480,1873,2741,1628
549,1489,70,2009,1774
362,3289,2287,1042,2510
552,775,161,1506,114
1903,1309,3277,1864,3208
1668,2215,214,3018,1814
1459,425,3371,1664,124
2454,1313,1792,161,110
2725,1649,1081,1117,2947
2851,120,662,971,1539
542,1276,1262,2914,3117
1799,1546,782,1022,1144
3032,1583,868,977,213
1624,1410,1605,331,2815
239,736,1290,975,2519
1935,984,67,485,2408
2442,309,4,1527,129
3219,1349,2228,1361,964
2893,2451,2108,837,1322
2023,1408,308,1291,1424
1848,2449,959,1794,784
2021,471,1758,1946,2286
1938,3028,389,2073,1236
60,58,1547,2169,1625
24,3044,60,2444,1408
160,1420,1165,2388,2499
3367,1708,652,1440,256
2932,1764,2951,57,773
3176,2895,1336,1590,713
1406,2469,1413,3073,2493
367,118,906,2613,3189
116,408,1438,1811,3010
2020,1709,1411,1614,1108
2026,180,1762,2091,1111
16,890,2426,2131,2186
948,2748,1341,3273,155
2266,391,1665,2993,42
2256,1902,1424,34,1580
814,1047,1959,390,3325
3296,2836,2612,763,253
2654,2117,3054,1045,550
1876,2311,436,2981,138
172,804,2682,2896,1121
2643,3183,880,1222,3360
1143,1673,1543,463,1328
1591,1221,2194,1135,1071
1378,1305,1348,1958,1182
2349,545,863,617,1558
3042,1492,689,3149,1329
1361,2624,1776,3001,936
432,2209,137,2836,1932
2007,3155,1161,769,460
2910,258,2722,2480,2228
1413,1552,1271,2478,3191
377,3198,3148,542,524
231,3159,2480,3361,2588
737,1853,2184,2887,749
881,1650,2943,1203,2130
994,3097,3063,2355,1715
1820,122,238,2350,2268
3316,2986,24,628,171
3137,720,1188,1374,1066
2116,913,1143,1877,2171
2773,40,3337,963,1478
2504,3325,6,3304,2870
1788,497,1800,665,2009
370,1765,1784,3066,1560
2977,425,1105,753,1796
1398,1446,2377,2024,1886
1584,3276,953,2857,1596
1123,1222,1153,342,972
1605,367,3072,1635,1806
1985,1304,2618,2624,3254
1635,3361,2345,2083,562
2119,2510,2766,1612,655
2561,197,2614,1302,103
129,1033,1698,829,688
199,37,1221,2493,1164
1124,1382,3198,916,479
2637,1931,7,2024,582
3250,921,754,2151,2439
1435,1808,210,558,332
96,3155,2296,92,1588
1579,1943,2959,3149,785
2402,1458,1181,2949,2999
1325,633,511,3090,729
100,1904,3302,2317,2120
336,1834,3280,326,2581
112,2473,2877,3166,1297
3306,1769,562,1349,2116
889,3047,2819,1004,925
2987,2074,1713,1366,421
2568,630,453,1953,1177
2259,810,485,782,3272
2990,2110,602,1214,999
2624,1803,674,460,11
372,3015,2401,43,2647
3168,3035,3288,2600,3163
1506,1184,437,1435,3016
875,637,298,1323,1044
2437,2846,1698,1923,1313
341,1878,202,17,537
2328,1309,577,47,2382
1026,2080,960,2992,1161
2557,2498,2987,1228,2969
3069,406,505,2847,2756
1132,1199,1291,271,3169
2251,2088,1863,2315,2292
243,2287,2467,1833,2304
374,408,456,2561,296
863,2422,3109,2838,2766
65,1011,288,102,715
2512,1678,1217,2103,5
2418,514,1641,2821,3096
210,1219,516,1987,3323
1135,2593,209,2321,2426
1903,2858,2524,1841,1730
2245,1316,443,3259,2946
801,128,2911,1715,1929
1154,920,209,1617,1729
539,1074,164,1109,237
2792,2342,1472,2362,750
375,268,2285,1280,2087
3219,637,2131,1618,3137
839,1295,1305,2001,1874
2028,26,2077,540,2039
2845,1943,2303,15,922
1443,1720,263,2532,681
2785,3037,1626,2348,3151
2352,1808,2438,351,2695
945,2386,1183,2318,771
848,941,443,3104,1903
184,246,3053,2096,2169
319,2435,67,2155,2984
1466,2918,3332,916,164
901,71,769,1672,2861
1843,2105,2636,1937,2080
1274,1684,3059,54,1326
573,2416,648,2131,1189
3178,1496,1313,674,2036
2515,2882,161,2632,2020
3345,2108,29,599,414
2093,522,1949,1110,1675
992,563,1855,89,1364
1598,1280,1433,2409,1961
3094,2118,1117,1741,2788
1249,2829,2616,1294,1944
2821,2790,2243,696,1008
1356,1049,347,1718,3370
1597,1115,3368,3097,2059
2218,2351,2804,441,2593
759,2373,108,3288,2856
400,2045,269,337,1709
273,1641,1114,3135,819
3268,2071,1196,1138,1526
1340,2486,536,3237,1044
1689,3352,2224,1758,1940
1166,1485,2713,1985,3042
877,1813,2748,2825,332
181,1549,1445,621,2705
81,3138,503,750,7
2246,2729,2079,2433,1093
28,2689,2262,2328,840
2532,2106,481,1445,1711
484,2612,3211,1912,1911
2388,1918,2022,1560,1981
498,2044,2022,1084,622
178,2574,3217,2001,683
2229,3207,284,1255,926
1802,816,3371,2283,2432
3003,73,1663,1240,3226
1438,3180,364,488,370
1851,2609,3108,2597,2911
1166,2564,1288,2588,2053
2035,2064,2351,130,1964
1456,3216,2590,724,2165
632,3321,175,440,1862
1405,2879,2562,2511,722
1080,1475,2260,1821,2712
449,2920,856,1743,532
1896,3254,909,3080,1483
3013,3330,702,2025,2836
2191,2592,2854,1298,812
631,1721,988,1887,276
3049,1350,1104,699,117
2356,981,1299,222,2744
2336,668,1700,687,1998
3159,790,2319,3199,2112
1998,1913,2725,3045,2634
2978,2225,2166,2790,1406
1565,772,870,592,2677
2099,1986,266,2437,1270
437,1241,2793,2220,1458
2820,1758,1526,1525,2331
1216,2379,2355,2596,1750
2202,2762,1171,1805,2345
1492,1218,1914,1137,1202
2437,1355,2026,143,1799
2426,2636,2825,2416,200
2904,1673,73,2504,1773
2321,2810,669,3103,3104
1988,2083,65,2009,545
2360,646,891,3117,825
2208,510,373,21,1238
1265,1567,311,1186,3097
337,1307,83,649,2174
1608,10,2144,2441,2643
73,688,1442,1822,2584
740,968,570,3338,127
1439,3289,3230,2022,2411
2398,1637,804,2979,3002
364,335,680,376,1055
3248,1562,1152,1976,2880
739,837,2874,1582,2238
1440,2258,1503,3166,617
1294,1056,3031,3227,425
573,1061,2080,2485,1654
416,2125,2065,1604,1712
2360,2882,455,1233,3180
412,2287,3335,1721,3337
171,2216,374,301,3005
1121,1257,949,2932,1663
178,2176,1680,1290,2101
2862,166,874,684,1876
2156,320,2078,3223,1709
1864,905,3358,490,792
2469,1969,502,81,3366
2680,1539,930,2855,247
2050,1157,409,1784,2595
785,2897,1737,189,1404
143,1298,3026,2486,1605
707,2861,1209,2165,934
1365,715,204,1721,227
1520,576,783,2905,2916
754,1318,1749,102,581
3165,108,682,219,1305
1893,1193,678,1786,2404
3192,1553,1429,1047,1400
2710,1708,2187,545,3087
1234,2706,3314,2846,2305
823,390,3157,2856,3326
2225,822,1142,420,1206
1050,2748,2518,987,2849
760,2471,107,1401,1735
644,384,2522,2384,558
3181,1317,968,2259,477
89,135,785,376,1114
1050,1535,661,1406,2232
2291,2692,2306,1177,2138
1619,1734,3055,1416,1701
2638,1574,3002,3101,1475
658,892,1584,825,153
3193,808,2601,1359,3296
2656,1862,1821,2671,3136
2395,3024,3027,2112,132
2852,1698,1888,1784,2464
1407,848,1100,444,2667
1516,1760,687,1269,1531
387,1016,2165,3127,627
1682,1436,2598,1163,2875
205,996,1836,1522,609
2099,2976,383,2390,2627
561,2032,1693,3298,1678
2529,264,918,2521,3178
1682,2098,1230,1960,964
2316,1432,2212,1395,1616
2671,400,2225,3296,1027
2279,3157,464,2998,1782
2914,266,79,196,1464
2861,160,1439,1461,3076
2113,2440,2961,2215,627
2136,1211,2112,56,540
2320,2533,2575,1134,1
2349,2502,2498,329,1254
2431,1498,2919,3274,2664
2267,2154,2234,150,1252
165,1755,2850,284,847
434,1069,1918,1368,831
2456,985,2125,1021,188
1968,1684,434,2902,1929
1228,468,1147,2564,2630
1028,2765,734,852,599
1008,2210,963,2644,2804
947,3332,2401,2750,2140
1198,1584,2870,1117,107
3112,1998,1140,3059,3091
3313,1560,1251,2159,1428
2442,705,1339,3214,2391
870,615,2451,452,2024
1421,2859,1028,3159,3368
726,2253,3275,750,947
1295,228,1202,2563,1402
3101,1505,2981,1465,947
974,1228,590,1970,3044
3242,1552,2223,983,987
1227,1081,1484,586,2151
479,3041,682,884,1382
3291,1403,2865,1486,2008
2582,3080,1564,1804,2546
3182,3105,2644,3218,2294
811,2358,3296,1112,1387
1492,1344,875,3356,1626
2813,2464,1926,1208,3310
1154,2527,1660,2312,789
1661,490,1486,210,3150
2168,2203,1776,2808,1779
1664,1744,3301,2701,2167
184,87,2488,511,2553
3182,967,2360,2290,652
978,45,2733,2996,204
2646,1684,770,1714,156
2238,1728,2040,1807,3118
763,647,1972,905,2722
1113,473,539,3309,1739
2765,792,879,2226,2410
1676,193,861,1119,784
2366,611,1314,2443,3369
293,1342,1925,3293,973
2207,2142,2328,2696,2599
887,2466,2218,431,3157
2363,2268,2605,281,3311
1528,2274,3274,2765,2617
339,2391,493,1600,2189
1384,913,2572,2425,3357
1401,1349,1028,2633,676
2844,2819,100,2016,1502
1076,345,1700,3250,3063
3370,2197,93,2363,1049
2698,699,1702,2099,1383
1297,646,1354,2265,6
640,1725,803,979,1508
38,723,1890,2275,1320
1506,3094,570,2297,729
193,1559,2764,484,1901
2262,1109,533,2418,1135
3117,1100,479,3363,3032
1146,2710,2700,1113,161
2737,1084,1322,2472,2543
1558,906,1971,1070,2474
231,2766,1175,1053,281
1534,3052,2968,1254,2637
1345,2233,1265,1079,931
1365,3113,54,1507,419
1858,1605,3176,1757,2250
1568,1703,964,2196,2034
2482,883,2274,54,2072
1350,1482,593,2424,1186
2662,2493,1604,1746,695
2979,2394,3226,891,1873
2037,410,2600,320,2334
484,3246,775,3329,1780
2199,628,3202,2710,2798
2170,3216,2037,3305,2788
2130,211,1122,687,1211
1126,2382,3169,1810,1374
89,2879,171,3186,1152
750,1516,2516,2811,2704
2127,2367,285,8,1560
3185,3235,2796,175,350
155,2184,1858,1648,2395
1537,1754,753,1557,2659
2313,2419,2931,466,287
115,2408,1226,204,2259
1873,173,1228,2447,2658
395,2893,2522,1786,2903
1088,3261,1959,434,1154
2295,2777,880,135,925
1859,2996,1333,1175,805
3261,2574,1038,2542,100
54,1165,1182,2069,1856
1316,2618,1987,3175,2450
2516,902,1742,1166,1608
3198,363,2026,317,630
19,2300,241,2969,1744
1007,1608,917,1860,1440
724,742,1956,495,2210
2685,1075,69,2783,2880
3268,2830,2472,2657,300
1193,622,1265,3263,2490
208,2844,3216,1350,2206
2704,157,1790,289,482
2233,3295,980,1430,1095
2144,94,1683,1788,1736
2326,1288,3330,1900,907
1155,619,316,2249,1027
1416,2498,1696,2903,2934
830,2104,658,2143,3024
1884,1359,51,999,341
1193,440,1913,2543,2015
1866,1976,2621,2062,3042
102,3036,1937,1449,1048
1628,805,1858,1417,1215
3167,1706,694,3300,2847
2156,3174,777,1048,505
907,1381,682,883,392
930,2264,2374,1013,849
91,261,1045,5,1062
1841,1934,2481,1855,1699
583,1720,1325,412,2616
1447,1250,3335,22,1680
2918,1419,585,617,755
2935,1936,2159,1526,2483
3130,1695,2777,2248,554
1029,1266,1938,1278,1510
1097,588,1526,1694,1695
1880,3258,444,2002,1532
140,3003,3022,57,1486
2792,2496,260,3038,1346
1249,1981,1137,2652,1396
718,1890,2012,2591,1467
2029,576,3283,478,2152
1028,632,2761,672,688
1942,57,731,2601,2466
1716,1680,2708,2168,360
2114,1919,781,796,2907
2376,644,445,1514,1419
3333,1539,1910,833,1683
551,734,3296,3327,2994
335,3323,2703,354,804
3033,3122,2738,2530,1899
662,1407,3125,1942,367
2521,3242,3242,3312,1236
1241,2772,933,237,1396
915,813,820,1478,3363
797,271,1648,1897,1771
1801,2277,1596,2649,3100
2941,2281,1159,1388,1465
2147,1141,3284,1022,433
2919,1756,851,905,2426
1279,1627,3362,994,1201
255,183,2586,3158,2858
1665,1211,1319,2363,3029
2674,3255,971,2229,2983
2289,2941,3182,156,2740
1335,673,2749,919,1563
1546,2315,1590,2308,2850
1304,2687,644,1405,959
2559,2850,2000,2135,1098
1375,1293,1080,2151,2639
1067,2439,729,529,3344
987,2753,737,1086,867
1677,1123,412,3208,543
974,2414,378,756,2862
55,2344,1250,504,171
2053,1719,2961,1729,2117
407,2625,1159,1916,322
2090,1258,3243,1423,258
1639,1307,3264,465,2462
3121,2959,1329,325,2681
1381,3215,2504,647,805
870,2345,513,109,1960
1611,1542,2556,1730,257
1909,3322,2715,2203,2151
3000,3296,171,2914,1461
152,1500,1807,3270,2820
1557,180,2996,664,2594
2014,1358,1545,2034,277
3218,1439,792,356,179
63,2438,968,1389,1740
1369,545,2924,2572,1761
1565,383,89,1549,2038
3365,3258,2802,2397,2996
2993,1786,3043,2029,229
1192,1918,2734,1437,3167
497,2094,1499,2378,3053
2410,639,1378,2728,2116
3295,538,3117,2331,5
103,1075,577,30,1115
3339,1184,1224,610,2150
312,1787,719,1176,2485
2190,1838,2173,2498,977
1312,3167,629,826,2409
2241,647,3080,1599,1864
1145,689,2961,2021,2257
373,807,1657,262,1232
833,3265,295,364,1988
2084,1285,596,939,237
1786,1637,3078,1395,1065
2073,2715,1252,102,1437
2120,1958,1326,1798,2224
2098,1581,3026,2679,667
2572,663,2714,545,603
2968,268,1264,266,687
147,649,1615,398,1147
1731,2205,7,3314,581
2442,2205,1409,1929,1774
2567,2061,2332,2326,1788
948,599,1296,1960,2171
3164,1816,2205,1666,912
2504,649,353,243,1202
46,3140,2177,2770,2787
1251,1445,2717,3363,682
35,1464,1198,1960,2688
2257,1739,606,3066,332
1175,2390,2001,2890,2311
2109,2236,2417,672,656
1653,1637,1429,149,1720
1205,104,1015,1706,1120
524,488,2025,3145,3031
1453,1204,2447,2794,1850
506,565,2027,683,15
1455,942,2920,855,185
2158,2721,301,885,1405
679,3066,599,475,1368
1683,2701,2517,2870,1292
1258,481,1066,2810,2409
1901,455,1174,727,2273
946,1548,2792,1406,2696
2987,1225,1056,1133,2716
594,2478,1993,2745,139
1486,285,1244,1198,2637
2043,2316,877,800,1362
1113,1719,2698,3304,1542
101,1072,789,1929,2770
2424,246,715,790,2764
184,2082,2451,3127,1871
2632,3130,137,1380,890
2738,2705,2072,493,661
2082,171,2353,1653,1961
986,1776,2866,1455,145
523,2487,2484,798,2117
2668,2057,3027,1533,3036
3211,2487,3342,2056,32
2408,2809,2404,2529,1431
2468,1021,287,1036,3118
3249,1680,1990,2264,3098
2001,835,1381,1704,1164
1247,2729,797,36,2444
1840,2518,2276,2851,2819
586,815,933,111,3278
3211,724,2684,1158,462
2653,2136,2221,1305,32
1570,3297,80,3310,1548
714,507,2618,2309,545
2801,1850,3333,3239,3356
3367,3285,594,425,2701
2416,804,209,191,2684
1546,3340,1185,3243,1612
770,26,474,1945,287
1401,3074,983,433,975
1007,1018,3178,2145,3180
75,790,306,3130,703
1966,1582,16,759,1623
3123,1875,1325,3252,92
2548,2297,428,1031,2777
3163,2066,2197,207,1322
2320,3106,2479,2451,2050
2880,1119,2842,2297,3290
260,3267,3118,1532,871
2563,0,1394,307,760
915,1691,1515,2739,1902
593,2096,730,1887,2728
3216,726,1284,1690,1004
2430,500,550,1771,1729
2887,2016,1357,2229,2995
664,11,1609,836,1637
1291,2672,2374,1849,2743
150,1752,291,857,1622
1243,2204,3084,2418,2247
642,2344,2693,3289,1723
904,1225,991,1984,676
1096,2818,3128,1463,2870
1753,1486,1820,1034,535
2342,2619,1234,158,2755
1588,3060,958,2801,2808
2392,778,729,715,1650
2965,1737,3036,2936,2966
2564,2413,1251,3356,1138
2463,1151,1900,2956,358
755,1114,1039,1397,2910
2251,253,351,818,1451
2725,264,1967,2824,3195
1799,3365,291,2565,1089
1322,2274,1531,2629,2075
2235,3052,766,549,2271
2783,2806,607,497,1862
310,3174,2187,2506,935
1993,1883,153,2863,501
1459,2800,1084,320,52
2642,442,483,1135,2437
3155,3002,90,403,82
1817,245,1843,756,870
1849,2323,2938,1971,1428
3269,2468,478,2074,89
2393,636,68,1677,3170
301,1354,939,920,2560
1624,1329,2318,1642,32
1971,658,261,1097,3252
1339,3332,3040,1340,2755
1964,1496,2176,2700,1789
1178,975,2222,1051,3283
2677,817,260,2253,118
2987,990,829,375,1661
633,2317,1787,1603,2836
416,435,1236,1030,987
1822,1424,2610,206,1708
1678,2487,383,1361,2288
96,104,1135,2633,743
1725,1005,615,2833,1636
513,3133,14,3063,421
2479,354,1207,873,1671
2413,1297,1420,455,2649
3190,2758,515,2062,2754
3243,3293,2845,1877,248
2522,2626,2849,3296,244
1039,203,1840,2018,1309
1226,3118,2937,1329,2954
2133,168,1701,1906,1867
106,1745,786,2179,1600
1630,1191,1225,228,1319
256,2559,2212,2653,2523
1617,777,624,2425,526
3258,363,67,1814,245
3084,3354,752,1551,2398
1243,788,1157,1256,9
2859,953,575,3173,256
950,3012,200,593,2218
2429,2666,2761,3150,3191
431,1346,2449,480,3261
790,1076,1386,2361,1931
2847,2855,1135,400,1940
372,851,3060,229,1567
3106,1471,1475,1220,1024
2018,1396,1639,1400,1256
830,1671,1771,691,930
2220,2591,684,2928,1840
721,3168,2554,2072,1175
2288,2244,2507,1661,1991
198,1012,553,2316,446
262,2203,3006,2997,446
1417,1176,299,1421,1770
77,1002,2939,300,2085
1720,2871,2020,2966,856
2441,648,2127,2743,2204
469,556,862,2647,208
1858,2869,502,3031,1023
2569,1754,2209,2902,2890
1134,3227,173,2386,366
3064,2274,2603,3352,1357
1188,1067,583,1516,92
284,1996,1105,2636,1012
1524,1544,3241,639,1318
3136,680,1318,2662,1508
970,2680,35,1390,3334
892,288,1329,523,1224
1165,1472,209,909,934
3307,721,527,1280,1255
1538,1740,2102,3135,1060
2469,1552,2602,527,1821
3015,117,345,1598,2747
3159,331,685,2920,2428
1758,2639,2989,1531,2700
1539,1244,2191,1625,2639
111,1587,3006,361,2033
2018,1472,1263,346,2980
2896,1902,3194,3179,153
1779,732,2612,1373,2829
594,932,291,1335,582
818,1084,2658,202,2418
1981,721,2156,277,613
2538,1177,1848,344,2974
978,2600,2945,545,433
28,921,3062,3308,3091
1827,1796,92,429,1564
309,1930,2587,2723,972
1383,2145,1277,1378,1659
1578,3158,2943,1317,1064
197,225,1193,3287,3060
2588,2414,3314,2154,608
127,3282,514,1387,2297
171,1699,2190,3005,865
1107,1776,3352,1653,2508
62,1620,984,107,2853
2890,901,1023,1318,2064
3274,314,3091,686,722
2697,461,1925,1258,151
1243,2536,2147,349,2303
739,3175,123,1594,855
2891,2462,2339,2271,1281
2912,2443,1953,1604,1779
166,3080,2266,430,2731
2079,2169,1228,2167,3352
1883,1050,1448,1645,1527
1849,3176,3173,1833,2205
3093,95,1039,2424,1954
2419,2010,1949,2115,2157
875,562,3222,2170,2502
2403,1253,123,2215,98
3241,3091,742,391,3275
2298,2487,3,1812,2674
3325,1276,1625,856,1105
2792,799,217,1944,1242
1844,1990,2755,1313,1082
279,947,3130,2768,3274
1146,293,2285,1659,848
3309,2699,916,1865,1626
828,940,1977,1052,2863
815,132,1212,2894,3087
1679,1507,279,1438,2690
1060,242,2691,2477,2714
1985,1937,1879,3041,1978
2654,492,2913,1948,3350
2021,537,1987,3007,1356
810,2998,1673,573,1168
512,1792,2462,966,1429
2950,1990,2447,2216,133
733,1763,640,454,1713
3139,2408,1487,2536,504
287,1107,2330,469,1299
2845,2147,1341,2417,2083
2064,2538,2650,408,1207
1987,727,2674,2097,531
2330,793,2,951,1542
1286,1236,1225,2063,2550
233,2939,2425,2187,1363
267,428,800,1326,2846
2871,3110,2508,2584,1649
893,1494,1621,594,491
1323,3303,1602,2264,92
2371,306,700,1367,383
532,3061,29,2658,2951
475,655,1032,517,265
511,1535,1108,2382,733
2679,3354,2041,1055,2877
1500,1099,2784,2159,1630
270,1818,1081,1977,2938
270,1996,3228,3367,634
2128,2844,2304,2546,903
447,325,2997,1462,2355
373,2105,1267,2292,689
43,2534,1411,1617,64
3227,525,2158,1448,823
916,763,1345,2432,483
1019,1275,1433,2835,2932
2583,602,1420,2662,2993
1314,1598,2620,2715,693
3360,2898,2122,1157,2717
2881,2268,697,921,1292
1302,1603,2544,1286,2648
2837,3095,1901,2580,3300
441,2953,2634,1546,2734
2628,1459,1080,1793,304
1000,1541,1074,1063,942
792,218,1135,1701,457
2390,1569,288,1291,2270
2321,2177,1828,1305,144
2821,3135,2505,1015,2170
1249,1504,3187,1781,1656
342,2132,1249,2628,3064
250,2749,1315,745,348
1802,1519,1513,128,478
2622,2794,517,2782,1556
1565,204,222,3316,3168
139,1311,171,9,1551
2206,3309,97,127,2034
327,2435,3013,2257,1644
990,2291,2332,1807,1804
2090,1620,2149,2357,1138
2375,1418,1790,307,1615
665,1203,829,885,1867
492,2121,3181,423,3229
822,1989,94,2640,1683
1142,141,1503,2283,3175
339,2897,3129,2041,2394
2073,1466,3218,280,2058
2221,301,766,762,572
1401,2201,3255,1702,3050
490,2947,3011,3046,2290
3203,2496,2949,2731,2785
884,2766,2769,3089,2279
3028,1268,166,2348,2524
851,2263,155,2580,1728
2297,3014,1770,1033,458
2597,271,3335,1439,307
2209,1541,3319,3207,279
2492,822,1515,3162,1749
876,1767,1771,55,1130
1543,711,1142,480,509
3004,1981,1723,1796,2440
2213,3130,872,530,3195
3066,2589,991,2387,1887
354,463,2809,557,2272
2320,1739,2294,650,2141
1709,3051,3296,607,3245
1512,3346,865,1158,2163
3239,3179,730,2539,2061
1857,102,1694,115,3287
2249,1780,88,361,3205
2135,2737,359,2822,2184
1348,2240,1580,1765,1554
2328,491,698,1387,2761
1030,2618,437,357,1062
1394,1682,2897,2479,2863
767,3241,556,2962,1597
3288,1798,2209,3343,315
2109,2276,2872,753,1442
3060,171,2693,1244,2219
3259,1777,2478,1263,20
2506,928,2310,773,755
797,2263,231,2695,2083
1263,2683,2012,187,42
1016,1816,2196,996,30
28,1074,1921,1712,3299
3224,1416,721,1299,1749
466,117,2631,3175,3183
1685,1619,548,2357,2492
3334,258,360,1604,3323
2132,28,2217,1533,293
1301,3110,1854,690,563
3355,1272,2762,2365,279
2970,2859,1543,2357,2101
448,2061,2877,1716,224
2414,2593,72,2690,2977
2435,1802,2929,746,3188
1845,1907,3029,2661,57
2853,2903,1463,1164,3027
2055,2893,3343,108,3023
1400,1395,1241,3360,1233
2699,494,1450,1641,3258
2028,1822,1569,352,2165
2434,64,2214,3011,3315
1541,2411,2933,21,2393
2833,1223,1310,1691,79
1925,2371,2924,1370,2756
2894,638,1321,1853,1160
1105,1390,2381,771,1589
1257,1152,2518,1781,642
110,2440,675,118,2606
2668,2571,1609,298,172
1054,1431,2412,485,50
1795,1556,1787,462,1189
128,769,2974,1500,191
1885,710,3340,821,726
2348,2286,2110,2401,1750
2732,3068,482,1942,181
1260,324,2559,1580,1179
2675,1194,2018,2964,1667
3005,355,2764,2951,2503
2302,1148,624,1308,3210
3072,1263,2401,1226,2385
2461,3350,1355,1738,485
1627,2206,3320,3153,262
930,2086,2011,12,2599
1010,331,566,1505,1589
3059,866,1750,1950,655
1252,1527,2916,558,492
1211,1731,2229,3029,592
1045,1393,3050,1266,1743
63,490,2498,2766,3200
1758,3264,3034,3068,288
1637,1030,1090,2881,2699
2705,1569,2112,2934,187
3110,2046,2383,2499,1496
1743,285,2618,1318,2843
2945,2389,1940,3103,2353
2191,3086,2545,1979,435
3049,1844,811,2198,17
2774,598,1688,1680,3294
1773,2139,2563,1140,1875
1260,1219,2324,245,1708
1973,1905,2883,2345,987
1485,2047,1071,1742,2421
2674,2910,1582,1393,844
3247,2151,2160,2595,1738
1730,430,444,1996,3017
267,1367,1652,632,1161
1929,24,1542,1010,1261
2546,3307,80,3232,3196
2856,397,2674,2885,375
947,2464,2111,2469,2427
47,2080,882,657,2713
772,1266,1479,968,2259
1930,1521,1623,1150,963
2302,2889,1428,693,2655
646,1381,2941,1107,2646
2248,2705,962,1849,1005
492,2339,942,2429,861
18,3067,710,2568,3040
1026,2425,2026,2701,864
2245,2132,2253,2568,3110
3293,453,1840,354,541
505,2836,2747,2733,1074
1253,904,186,1477,1135
1636,829,2610,401,2665
362,748,2398,2559,526
2205,71,2150,2962,2407
1179,2426,1259,1089,2085
2705,2822,2616,3334,132
442,2269,357,2266,2068
395,932,557,267,1175
1352,669,2864,762,2832
344,103,637,169,1332
1539,1430,3297,2300,1558
1648,2115,1431,716,518
2059,2183,68,3042,1560
131,93,840,2440,3355
3044,212,2832,3165,2391
1980,2706,2166,3325,2858
1959,1430,1203,1114,1414
1534,2198,1616,2366,669
2005,1493,294,787,1133
157,1582,2544,3335,1024
2997,2343,506,1017,698
67,2616,1284,3260,2942
1592,2210,2675,1745,71
2251,1596,794,1615,1453
1103,1023,2796,1350,1443
2349,1488,75,353,392
602,909,2821,3362,2331
2127,540,1396,552,1565
3297,3320,3238,2817,1039
1035,2619,2539,78,1067
2181,13,24,1688,811
926,1441,1995,99,571
3258,1658,3117,2797,2572
1604,2714,145,2368,268
315,2125,709,2490,1962
544,3001,1719,66,1812
3243,1149,318,1578,1238
637,2647,3162,84,423
557,2261,409,2398,2528
2333,1627,276,1283,3248
250,567,2173,3046,804
1179,2556,516,2127,1575
795,2133,2255,2131,1731
1053,2534,3065,1953,54
126,466,1338,1768,3202
2120,603,3261,3100,1930
1099,1789,2088,3005,2197
2145,474,1991,2500,2004
3278,1303,330,2006,2853
3339,3271,1371,2689,761
1782,2957,653,2480,1436
2080,788,1420,1262,1694
1714,3363,1891,1729,2339
3112,1994,1728,1874,2803
1222,419,2468,994,532
2334,2757,670,559,753
1686,2853,3206,1125,614
1147,1430,1789,2578,1775
1315,2721,991,1397,1203
468,18,1916,819,1872
3012,896,3184,2085,728
1599,3359,2538,2373,287
772,2540,383,453,2816
689,1197,2550,2244,1040
884,1154,2548,1456,790
1181,3221,1511,2603,43
1727,1810,897,769,990
2877,2384,2601,778,3154
603,611,641,2835,633
3283,1804,2982,584,2086
360,2748,908,1841,1830
2138,99,3136,363,1107
585,2953,2996,1890,2410
1970,2079,214,195,1333
2271,3308,795,1930,1691
1809,1073,2165,2423,443
1735,3179,1954,898,1294
3059,2944,152,1042,1234
2851,892,2274,2847,1326
201,1846,642,1571,2804
1756,732,798,1584,3197
2096,2854,1535,1029,1713
375,2084,286,1093,465
3015,3105,837,315,17
2677,2147,319,3313,917
2627,3177,2555,1318,709
2366,2678,1904,1005,17
3016,382,2776,3039,1923
2341,538,2950,1352,1827
3077,1838,461,1968,910
55,2066,401,1734,371
1454,2776,1573,718,2604
2086,344,466,1410,804
561,1244,3347,3349,1028
2312,498,322,193,834
1217,2601,2744,2195,3192
1346,1299,2455,1626,1131
1086,1794,529,2199,2603
2064,298,545,887,2557
1213,561,2027,2375,70
194,3322,2483,1177,1570
3339,789,786,1928,1501
2463,1910,1633,825,2370
20,1745,1992,1228,2773
1124,503,809,2393,1385
1806,2905,2541,2271,2042
52,78,129,262,2146
455,1913,989,1268,169
1925,86,3001,98,3364
3342,1231,1134,1959,417
1650,754,3069,3275,57
750,466,1100,1196,2098
3023,395,3136,2416,3096
819,280,2364,1079,2810
3104,2283,1882,627,2875
407,2566,1579,1177,1892
1785,2621,2215,803,1792
859,2089,1246,2991,1634
774,1212,1128,2290,1344
1737,1131,1996,3097,646
2168,1711,3138,938,1860
1089,1420,1660,1463,153
1099,1676,1168,2235,1054
855,301,353,2344,2327
2556,549,955,1073,2541
1734,2386,3187,3149,337
2856,2505,2638,1626,1374
1060,2248,2949,2460,826
908,2357,47,1474,1994
931,552,912,2628,1319
62,3328,896,2380,1150
1477,2336,559,720,1246
1854,3316,1530,2348,999
442,3092,110,591,150
588,1273,22,2785,2324
2432,3067,1490,3171,1692
1025,2418,2019,2815,429
1748,2831,3100,590,2747
717,791,331,3349,1598
1626,446,2121,3233,3045
1136,2102,2945,412,3248
3179,1033,2447,2057,1509
1173,2669,2659,3345,2883
1614,1506,1812,2824,2419
1293,480,858,2670,3193
1000,1606,172,2388,1002
3139,1015,1420,537,2831
1897,2771,1263,3367,3156
2449,2369,1641,2821,1031
2309,289,682,56,1137
26,2661,3151,2886,474
2751,929,1844,682,1513
1435,131,1019,2786,1176
1773,854,725,1020,242
525,357,796,2033,2120
2861,3194,2342,1126,2166
568,690,2439,3356,949
58,515,531,1162,2064
3089,333,1414,2217,186
1238,1442,2636,877,639
2911,847,3209,2652,1224
3033,2987,1050,13,2236
2268,481,2196,2446,2764
3277,3102,1183,3141,35
391,2697,297,850,2981
2330,3225,212,2594,1609
2321,1776,1680,1324,1435
2756,1276,1440,1146,2753
1579,2361,475,2330,2701
2479,585,2508,561,2334
2173,1532,2207,3203,669
1372,1342,2095,1441,2236
2054,2144,2291,1118,1814
903,1941,614,2977,118
2741,996,2801,2010,1726
1528,203,151,434,831
2074,1699,914,678,940
715,1208,282,1210,576
1117,2937,307,2025,1768
433,1452,511,2685,2677
477,1730,845,2583,3352
2935,2144,1141,3145,2855
2488,2140,1694,1852,2858
439,1636,3191,1325,2992
732,2808,2127,685,3306
151,2634,2436,913,2992
2745,2403,1991,2762,2542
1673,2333,465,2137,1634
2688,1213,576,582,2983
403,41,2204,889,274
2503,2007,740,2297,2317
3122,933,2487,1390,885
2598,703,3175,2027,3099
3011,1181,1342,1327,2227
1788,2301,2286,737,2712
1976,3107,1722,1496,2915
1918,2256,463,997,2583
645,2132,2274,2927,2418
59,3105,326,2344,471
1498,643,2211,101,3302
445,2399,1589,1475,2194
1823,3309,392,1776,785
966,1124,3277,2343,1452
2393,3016,2447,3140,1529
3275,702,2284,3111,1678
1681,2905,2557,1074,2930
3103,1317,1939,3172,1336
671,1738,448,1881,2872
84,1248,842,523,2621
90,707,2314,1159,3271
1063,2751,2542,3101,2915
757,1749,1504,1975,1062
2226,1000,3267,1966,1591
1610,589,680,3085,683
2342,96,311,2243,2822
2628,3077,896,2151,2878
2427,2325,803,2067,1734
551,1192,2716,657,915
127,1165,2398,1161,1068
3279,27,2745,1736,1579
13,546,81,2768,311
1187,1408,2117,844,1775
486,1591,886,3145,518
1915,761,1259,2920,241
359,3116,813,1925,1670
331,743,3333,3325,400
2032,1200,792,889,2494
1846,367,751,319,1203
1444,1331,469,2547,1227
1106,827,525,1572,2880
2251,529,1535,46,1277
2739,352,2978,2520,1754
2210,1528,349,631,1549
1978,1803,971,659,79
80,1450,1227,2367,510
540,710,475,2131,1054
2441,3282,954,2295,2687
1893,801,685,2489,2397
8,3123,2283,2567,2602
145,2484,2242,483,2737
1776,81,1449,3367,2318
236,2314,2703,451,387
1244,3276,1502,1616,3130
1689,41,123,2789,2353
3195,1951,1066,2442,138
101,259,2790,3280,2617
1723,744,241,1498,1208
1403,1250,1356,1830,1786
1017,1886,464,2891,3024
1083,2694,3229,2130,1091
1210,4,1863,2787,1037
3346,644,1646,3288,3207
2572,575,2884,3249,755
2945,748,543,2418,2002
1307,1507,2208,1620,1552
522,1366,1125,2511,1094
1987,2014,2370,2313,2529
1981,1511,2064,2694,1589
784,2973,3231,1922,862
3355,790,1150,3031,3115
2684,2135,2163,2621,2177
2560,1329,3095,1459,2440
2055,2842,1307,839,1511
2713,2166,733,1475,3299
2115,1848,1303,1235,59
1851,1163,844,2599,645
2420,2946,2789,910,2710
511,3029,808,2181,3323
2468,1036,999,194,1843
2476,2000,2482,1706,2812
2673,2,2316,2026,1413
1782,2139,2361,1997,882
2559,716,2752,1432,1742
3272,117,2398,544,2916
2671,2169,2577,614,917
3238,2681,2034,2373,3348
1962,1769,1079,811,2949
3041,3107,3356,951,1875
2116,1341,3248,1051,2830
91,3149,1154,618,2606
781,511,778,2048,2123
2985,2450,924,273,46
328,1299,553,122,135
2694,1772,1410,1896,1669
1374,2715,2120,1382,2836
1164,265,2156,1615,1297
610,624,3024,2458,825
1923,780,26,1432,291
2280,3302,1234,2754,437
2309,1521,2020,89,1020
1463,102,2708,1800,863
2973,69,443,1974,864
1717,342,3085,1214,3090
278,62,1038,460,1120
357,3084,480,2651,2497
2583,1602,2997,2576,2612
251,59,3211,882,187
932,1920,1391,2579,2872
187,497,2234,3050,2343
3106,3096,1288,2102,979
3014,362,1521,1208,682
2438,1500,2540,1914,2951
344,992,3112,632,862
1612,3204,2096,2928,1348
1041,1426,2210,1403,2114
1631,813,165,232,38
1584,476,2915,1214,128
3072,199,621,3209,1403
2673,584,2856,3212,1717
2924,2960,522,949,942
3076,1622,3119,959,1313
956,79,535,849,729
1663,1919,2104,1264,1703
2570,2324,1702,1431,2794
797,1584,132,359,1494
865,1493,948,3130,3180
1897,1623,2878,3163,269
1264,481,1020,547,2579
1549,2370,3063,78,2631
275,1584,2735,1042,2710
41,1754,2842,1965,2591
1228,2187,2292,3128,3234
2099,2200,2291,2935,3111
1131,2447,3162,1079,2780
2192,2927,2073,1359,649
2802,1689,1321,2991,3166
1550,1919,20,2110,2327
676,1925,3069,2576,615
3186,2582,1183,2410,2683
1156,310,2807,2852,1570
303,2867,182,3292,2598
1920,1186,2178,1718,329
2981,1181,446,3112,1735
254,2188,2871,2664,100
459,2348,2317,2477,100
2860,2874,25,1930,1408
1605,3348,2909,1170,2219
360,319,2161,3062,1960
494,942,3154,1313,1510
1808,353,1458,1321,1574
1296,587,2423,774,3305
1802,814,2547,995,2797
2967,2398,1133,2745,1189
2991,1134,1681,749,1331
1603,2808,3036,450,586
3238,1291,1336,1398,2240
3056,3014,1691,1647,2782
2322,1887,3150,1694,1969
2142,1826,1364,2301,1750
1823,3369,3232,1596,3149
2474,149,631,2158,2077
2095,2762,3224,1343,1693
3349,2139,2126,1361,626
993,81,3086,1311,2885
3127,1510,1772,2747,1595
1354,1849,1956,2552,403
2156,390,1416,1685,384
1055,2955,1837,2784,2025
595,189,1525,1469,897
3138,368,2265,1111,2799
147,2013,1457,2545,3285
3231,1902,2135,3261,1879
2835,249,1960,2683,1260
2855,1031,2313,2972,729
1959,1337,2664,731,1820
2621,656,2989,779,1494
609,2216,473,899,1421
2292,1999,62,720,1796
438,190,1034,2995,813
1146,3266,2548,841,1626
2535,1546,2127,2115,872
2238,297,423,2848,603
2252,2472,1958,1097,3115
912,2973,2428,3178,2098
80,3146,1796,2792,1021
2558,1354,767,3129,3212
1158,2719,1697,229,986
1476,1019,1226,303,206
813,2915,1589,1851,1978
3028,1956,162,3288,3327
2554,1508,1346,2708,54
1694,3133,3247,2401,337
588,849,1853,2900,1618
1915,1905,484,728,774
693,469,418,2567,1340
602,923,2037,1484,2333
1426,3353,34,1534,2364
3206,1967,274,3210,868
632,1206,1388,456,2604
1154,1786,2565,2547,2862
3226,1931,1013,2561,3090
2286,2224,283,3036,1883
281,3055,1171,2140,1826
2573,604,2165,2086,615
1983,784,3152,464,1468
2779,2288,611,3228,2977
2622,962,1833,2926,2434
3129,1224,1446,2117,327
2341,417,1675,1825,1241
941,2736,2287,1348,2204
107,398,3066,1574,1810
504,1704,2361,1660,2012
837,1345,1472,2923,911
1017,2734,1317,1582,89
1841,1247,1574,255,349
1049,790,1802,1439,2715
268,3053,2775,747,110
2886,192,1159,2524,3079
2991,2216,1239,796,361
765,1535,3160,790,2730
73,1472,3217,906,804
2954,2012,1808,3205,594
2632,2207,120,756,801
474,1084,2844,893,1093
1168,1406,2418,446,1852
1375,2332,21,3150,3037
766,3196,2770,2370,2511
3301,1528,1547,1759,2526
2342,1721,2264,2900,718
1200,3155,2137,1030,3143
1724,2035,346,74,2385
518,3168,2278,300,1158
3056,1130,1006,114,1768
966,2347,1039,900,2048
631,503,1914,835,253
513,2769,2551,252,234
2415,3165,609,2243,2807
1215,2534,3093,3164,1498
3265,1562,2125,1659,2827
1661,3026,1630,1607,1848
1301,2900,2132,1610,1544
814,1065,990,1850,732
1792,455,2715,451,2686
3236,3298,1762,1147,2867
1684,412,1629,3108,1271
340,2720,1538,2320,1617
3303,1521,1419,2938,165
1570,2700,3035,2801,36
2289,1134,1314,1996,3366
2926,199,1910,364,1764
3133,457,1019,1701,2627
1950,1319,321,2224,3264
2715,161,3315,2526,1285
2788,1118,3145,862,917
1609,2019,86,1386,954
1588,3132,407,462,1868
919,1954,323,3271,2218
318,3047,2237,870,2438
48,1474,1633,2262,2048
2023,1181,1919,23,2136
1467,1191,3227,208,3084
1323,739,1395,702,55
653,53,2508,3334,319
504,2752,3070,1706,1595
367,2074,1127,3180,1738
1017,2116,2138,696,2594
777,1525,1125,2235,86
3227,2091,1183,633,313
997,2185,156,1622,1614
1570,582,420,1438,3291
1862,1949,979,1822,3007
1449,2053,2501,171,2840
1061,1537,2991,1766,1100
6,892,1671,1802,323
597,26,546,510,858
1027,2448,141,1333,2096
2123,300,2136,3009,2391
3339,282,1717,1383,826
2461,2126,759,1109,2826
2126,2904,367,1590,1309
723,2696,171,2733,673
1306,2935,2515,455,1511
2411,1339,3129,1258,923
2815,1099,2480,1056,533
80,2222,2443,2126,1871
1187,789,1112,1769,497
1588,450,661,1752,1224
913,1213,470,2226,1511
2442,3129,3000,3082,2199
1212,2458,481,2475,2358
969,1077,1779,1032,247
99,2416,1063,2744,435
921,452,1707,140,946
1663,2169,1888,2546,1304
3226,918,2450,3258,3354
563,2386,1148,1562,78
335,2726,1168,2053,123
2331,449,3077,3058,1492
2180,1668,2463,1532,942
2151,3197,1044,1689,1475
2289,3303,283,3163,911
2485,1427,3050,548,2327
1004,859,2261,1899,484
2667,1415,2758,2675,2302
1558,2416,1815,3127,1213
1372,1397,2800,116,1240
3115,2525,743,1209,977
1030,1890,1719,2293,2910
909,856,2100,2210,1169
1229,825,1661,749,2362
145,1349,2952,111,2726
2685,556,824,2941,1459
478,1037,2218,2078,80
1476,2544,756,1770,47
1810,207,1755,1100,1802
752,1024,1763,3264,1218
1154,2161,1793,915,782
27,1459,633,1602,2789
392,1732,1318,2892,1332
1231,3117,2530,542,1472
1587,662,2532,3095,1565
215,2592,2710,705,1940
1967,631,3231,2886,3013
2879,607,2926,2061,2307
3230,3117,89,408,1012
2573,2148,3330,785,462
2908,1923,3205,309,1285
2990,2748,2783,3121,2454
3246,2979,3229,1971,1091
3245,19,2920,2962,2828
1633,1634,472,2674,876
260,2284,2549,1564,1536
884,2307,944,1101,2208
650,2113,2014,987,2086
1396,1679,1364,2550,1660
63,873,205,2220,2244
274,2312,440,2826,3032
2248,376,2530,2882,2932
119,2356,1689,3275,2344
2362,2966,3116,2776,126
2798,2058,2949,2344,2116
669,1068,2135,1266,906
2638,2188,2538,2429,2845
2408,3075,1026,147,656
77,1302,1362,375,468
700,652,1802,148,3088
588,3162,2736,3168,459
1253,552,816,2735,1161
3181,169,3100,1148,1685
75,1664,120,2271,2686
2025,1083,470,3200,3154
1905,1204,2546,1326,2126
1944,2203,3297,1126,3099
2703,2773,1655,2316,639
2486,1045,1812,3279,1449
672,1100,1003,2879,1481
492,2695,1435,1518,1315
1278,1155,3056,1133,1527
1010,2552,483,3022,2131
2419,970,5,1299,1850
1138,2075,219,1134,10
11,2745,1462,2624,1589
2319,2289,229,1611,2710
1305,2392,1957,2073,2022
789,177,1953,783,2475
2198,3246,496,2724,3016
2001,2540,791,1744,203
3036,2028,2403,621,1117
762,36,2097,363,128
1883,520,2404,3034,81
108,1417,1086,937,3084
456,483,2504,2081,1068
859,2433,2571,2638,739
476,2726,2296,3334,266
2791,1428,2381,2212,1641
2667,3117,2807,1750,1196
103,172,3085,2075,1683
99,2649,1774,3131,1085
2462,965,2965,1867,1458
1780,2368,223,2463,1852
1782,103,2448,259,2938
393,3014,2868,2275,3180
886,2374,1406,781,2451
820,615,835,1503,1766
3371,2802,1325,1550,2249
2897,529,1515,831,2638
1970,1803,2341,2166,2885
1424,17,2678,555,1267
3136,2853,2389,658,1517
1818,1630,1803,394,2291
2183,3257,2300,2427,1265
1462,1010,2863,2874,2234
2898,1905,1037,2495,2731
1355,2761,1184,2368,1148
2361,780,711,1056,3169
3020,2686,3275,993,804
2317,1828,3303,2997,1388
968,672,872,2753,2932
232,1407,1986,751,670
3217,2947,1710,1102,3256
1194,2553,74,1725,3320
3298,2165,1969,3039,1536
1739,3311,1623,242,2973
2903,677,2399,1859,2811
838,1524,672,2197,353
2254,238,3119,131,2571
43,1725,3166,266,2865
577,1541,2496,836,3333
3022,145,821,1223,393
357,1298,2965,2318,2459
2310,1873,2332,1643,2219
2169,2593,3351,3143,1551
1199,2698,2061,1582,1955
3244,305,3328,3304,1034
2825,666,525,2404,2640
515,2180,1680,1171,2211
1417,872,2588,2314,1162
123,1625,2581,473,492
2555,114,421,2789,3206
1058,2277,2129,707,2587
2561,1809,2277,535,2801
1318,764,2593,1873,2287
2254,1519,1326,2398,2806
2000,1511,709,2326,1942
2910,2672,73,2298,1247
141,1041,468,3182,1074
1878,1894,347,1027,140
2094,1736,1117,892,1151
3043,614,599,1832,3362
855,570,412,8,2033
805,3159,1314,1770,298
2794,951,2048,149,1744
82,2210,787,3004,1646
518,2690,1576,1710,689
1610,2541,923,582,1684
2561,793,1579,2382,665
2522,1350,866,1300,784
176,2186,1965,2278,242
2895,531,2254,944,2222
1425,1965,1690,2801,704
3347,1871,1936,2258,497
254,2132,1562,2124,2901
1171,182,643,445,1436
2881,1967,544,2707,453
1435,1735,1223,226,844
2035,2920,1571,1879,2524
1764,828,2743,440,1226
931,1572,1249,2278,1272
2313,428,629,2955,1275
745,2404,1397,50,1338
13,1111,2519,2674,1463
437,2211,688,233,132
984,1116,3171,2863,2811
778,1042,2499,3083,3156
121,2638,1728,1006,1220
1323,3220,433,2352,530
1413,2084,2487,1458,3176
168,1864,3112,2897,955
1268,1392,2682,2219,1345
783,871,711,2328,1538
1038,525,2970,1293,2653
2517,2039,2962,1139,175
0,619,652,1848,1386
1315,1301,1030,655,2375
1633,315,1249,1711,1393
1798,1263,648,147,1221
600,3261,3108,882,411
1027,2336,517,2342,962
1348,30,1304,2427,3008
1125,1609,1362,1072,1412
2911,2139,287,1364,843
1947,2493,97,2966,1706
626,2872,1715,1064,1439
2025,3051,2785,3365,1500
2627,2839,666,1064,1108
425,1372,3086,684,3240
781,788,12,182,773
1137,1366,1406,3166,3172
2449,2656,803,392,2499
362,2951,2840,208,535
2728,2325,3191,3050,157
970,596,2441,1198,1908
2854,2963,1204,1821,290
323,857,1355,841,1751
1307,1199,913,260,2237
655,1445,1891,1668,38
2802,2136,864,32,1591
1954,851,896,2311,1632
746,2487,2798,140,3152
2092,682,1291,3182,793
340,1549,2771,2774,1454
564,2651,1723,20,2353
1945,1366,1931,1003,176
172,1371,766,2973,68
81,2691,1907,209,3006
645,1465,860,2413,2180
1619,161,849,2429,3227
711,2845,2692,2985,2301
255,3138,697,2804,2988
1860,3110,3350,2210,3140
106,1432,2230,2001,1158
754,209,1025,387,938
1627,2637,2797,2892,1531
1184,3109,129,1503,152
937,2830,136,1928,1332
3282,925,1303,302,2607
413,2415,2927,2716,1840
1388,903,2406,3085,887
2697,1338,236,500,3231
54,1947,1116,1372,2260
2952,1948,1955,3021,1775
3097,854,2508,1883,1517
2209,1092,2371,29,3174
529,280,3050,7,438
497,3303,3000,2522,2180
2479,3226,2306,2,2470
1585,1274,2059,1482,3048
3134,3003,1224,388,315
839,873,2195,1981,1437
3024,3316,3044,377,1146
1110,2231,3188,730,3134
2555,1620,926,435,1411
2213,1419,2899,706,1922
1289,198,147,1564,2945
652,348,867,440,178
1112,2925,1479,1738,1422
1405,258,2442,1208,3063
1397,2215,1517,2554,1254
2454,1593,2076,1550,2205
3256,2298,2851,349,741
2605,2971,1714,2135,1688
1825,415,2927,2114,1687
702,2979,689,3254,472
2564,3212,2994,2846,1924
2885,767,1155,323,2368
637,663,2666,1044,3202
1100,1669,82,182,2986
681,1719,1462,2970,1499
2444,192,1093,2042,1359
2198,803,3261,3129,2519
1769,1407,2999,1272,915
2737,2058,1871,347,3267
2442,2367,1917,2520,1897
198,1840,2710,3049,2456
2170,2024,375,2757,3190
2064,2258,269,3021,38
2759,2619,3326,2701,1388
2459,116,1745,193,2443
3366,175,43,249,128
2155,1981,825,2790,2097
3156,1162,2570,2061,2413
1449,1171,835,2106,3185
722,3149,328,2728,1824
627,2233,987,3016,478
454,1987,3137,484,901
2982,1539,2919,2171,3197
2161,967,690,1415,1266
714,2806,492,151,1206
359,3156,2706,1355,2048
1832,2908,695,580,186
40,1032,3070,689,27
94,465,328,2626,2938
3236,2001,2048,1724,1982
2146,1404,2291,445,1646
571,1245,3199,2527,1853
2649,1979,1739,816,1387
1947,720,2186,3053,2636
696,441,3116,2680,1454
3199,854,618,2624,287
954,739,2054,1757,758
1311,1586,2262,617,178
2864,867,1548,2013,2597
3051,592,1876,2891,1831
2174,117,553,25,2156
387,2459,1629,471,3187
320,2656,356,2825,1393
503,1327,387,2243,896
1703,450,376,2475,1664
1036,11,2924,2172,2405
2900,1106,775,990,497
2380,216,1485,2033,1015
1656,2176,2706,3338,3260
370,621,444,1218,1131
943,1224,1624,218,2153
313,2135,3065,802,960
2197,513,3297,307,564
524,1275,2146,2100,36
2031,349,2924,3037,215
657,47,2083,2877,2281
2471,2278,1628,809,1081
1647,1260,241,3339,1123
1693,3058,1638,2206,2458
2487,434,236,180,1079
2497,977,2654,1716,2873
1317,2259,1755,68,466
2560,2173,2881,799,661
791,1753,2056,3071,1020
909,965,2905,2918,1789
136,507,1309,2741,1477
2516,750,2307,1823,2659
2101,1877,435,2840,2102
2258,546,2711,1192,3156
2384,2854,863,2054,1173
2440,1778,1910,833,2044
411,2943,1252,1777,1620
3237,361,1045,2437,2028
419,3045,341,433,2423
2398,817,3010,515,2574
972,2556,371,247,2117
2349,1924,3272,3077,2792
3223,211,1733,738,1698
2814,2867,2489,382,1560
3314,801,2611,2848,3018
746,853,1636,1774,2830
968,3204,1162,2827,1226
3062,1753,185,2263,271
2512,2941,870,1989,833
3317,2291,2235,2694,702
2941,71,232,2895,1920
1554,1464,203,2233,1580
970,1662,3114,1339,1091
1935,1828,2815,1522,3318
486,2611,413,967,360
1917,223,357,1706,2557
856,2109,1448,647,1320
2020,701,428,56,635
1775,1391,1112,3334,2143
2880,706,2859,413,3099
2964,3001,2983,2222,2598
1007,1177,3017,1291,1329
3247,1932,600,2659,1747
2494,1780,1687,2305,2970
353,1913,1832,3116,1164
3096,381,2565,2238,2389
2770,1925,2044,1298,2873
1832,2723,983,687,2473
2185,3294,3240,998,1697
1352,1268,3354,1804,3228
3271,1716,526,2914,1964
2031,2697,2507,1590,2774
297,3121,2362,441,75
1811,1489,719,2496,3075
2774,1208,1768,3355,1774
1347,2205,271,2874,1410
2039,2251,1683,391,691
1998,3261,2170,2019,2790
3199,2027,1214,2000,490
1751,1272,2367,3186,3322
235,2938,2427,583,1763
1048,939,2639,2479,1879
1699,801,2693,2335,1602
1914,2938,2375,2409,3137
544,1534,583,2352,3062
802,2204,918,1284,3320
1578,2582,2608,514,950
860,2137,2899,3296,620
2085,2011,2830,2923,703
228,1041,1017,669,1764
850,1791,875,2008,281
1079,1057,975,1945,1949
1898,609,916,1532,2266
2595,1012,394,2179,2103
355,2649,2389,1088,202
3137,1031,2410,57,1942
2397,2240,3369,2628,1269
1684,268,2609,504,195
1253,241,1977,2520,484
2403,1351,2372,2948,2792
814,1574,676,1504,751
91,2050,2762,3083,1342
2110,1979,3218,2333,2175
2110,1609,1068,226,81
497,2974,387,703,2940
2299,1214,2608,3120,1769
2638,1330,856,2593,2727
874,2962,3228,1532,2985
2206,413,2850,2587,525
51,2234,747,1568,698
2564,1006,2888,524,188
1732,2982,3194,3043,1925
902,2807,1336,1017,1118
3331,66,805,118,99
2727,2353,3306,1717,447
2540,2296,1759,1925,1209
3172,1872,2409,2144,1698
2459,1823,2930,1252,967
300,873,3371,2646,815
2304,871,3366,978,684
1866,1695,2736,1115,2538
2781,1042,2522,3231,2460
846,2003,1958,717,2561
1152,860,207,582,762
3328,2881,1691,1946,2176
2144,441,2293,2567,1969
1908,2394,1034,1245,776
2077,3187,1130,1123,1481
2117,414,1799,285,3371
697,405,1953,2301,932
1310,884,2784,2326,732
2834,2891,1470,1708,1245
618,3363,1787,1328,288
16,2018,216,1762,1655
1911,1661,3284,3297,640
1227,3254,3332,1892,3131
2057,832,2101,1966,969
1929,761,908,1327,42
2778,2623,158,2522,1024
1100,2776,1326,631,2039
1728,174,20,1999,1326
1255,608,1505,1237,3360
1948,2216,1594,1139,253
1782,324,1587,3112,987
2893,3123,1084,2003,1189
855,1078,2387,3234,1642
3002,56,2951,633,3196
2681,1125,430,2470,869
1899,2114,472,283,1943
153,883,393,626,2536
2004,545,1073,846,276
2159,985,1809,2597,1160
1612,2971,866,1098,1422
1560,2925,1934,355,1472
1058,1834,3266,1441,2640
76,1905,103,1621,3024
3259,1030,1417,2815,2483
975,2997,2490,2872,3343
827,1629,1435,2382,2443
3349,2080,2107,1146,432
2558,2213,2155,1386,2955
2412,1674,2549,2807,2883
1548,1929,1839,1678,1592
2928,2369,1750,1842,2380
3170,832,416,630,1876
645,515,1384,226,2861
1660,2713,1333,2071,1679
2719,2237,388,1755,17
1890,1640,1565,2663,972
2327,716,1189,144,2362
1555,195,3114,1855,1047
2645,1762,1250,739,3149
2863,219,3311,209,355
2042,3121,102,1117,1487
68,513,2837,1463,2337
1225,2824,2870,1693,1337
943,102,2366,2940,3145
1994,97,1425,2273,3271
2778,2411,2418,3117,2741
475,95,1027,1551,500
1296,669,786,2149,289
1762,1212,1065,2806,2848
3222,2413,649,2837,15
1149,2253,2162,3335,771
1052,3152,1884,3306,1307
284,1763,800,341,2213
2673,88,1565,3091,878
2917,2349,3296,1619,2009
2649,2322,2399,67,2353
1157,1336,3323,3276,3119
1602,673,1354,3151,121
1443,2568,137,3270,3054
715,846,2453,718,219
2995,1170,317,1474,1521
2637,2537,2618,1941,1753
2019,699,99,1530,2283
2744,1688,1913,195,1282
1502,1932,254,2995,2998
3333,1545,1884,731,1906
2077,255,905,606,3308
2139,2481,1456,2079,1804
2041,1377,3370,627,2250
449,2610,1372,2529,1131
1341,728,1860,2663,2255
488,1423,529,2409,2880
3226,1262,560,2877,715
3356,3239,3312,1351,1035
999,2374,3264,1881,2575
2471,2877,1332,435,1959
105,401,889,2930,82
2735,111,2820,889,950
2157,1473,1200,1289,573
1952,2695,2943,1928,312
377,2324,2279,3239,112
260,2728,945,3052,2287
1462,1096,28,1106,432
2432,1396,1081,522,2290
267,3200,731,2957,1786
179,2935,2116,1695,1823
611,1577,2650,2604,3320
964,898,2200,352,734
2545,3104,2123,607,291
732,2518,2348,1478,46
2922,2428,281,322,1114
912,522,1974,2728,2394
884,2014,52,1469,332
1094,904,215,1016,421
2808,3093,2395,238,2899
2143,2617,304,1780,582
1026,2605,831,1964,2138
508,2371,3348,603,2614
3345,2245,1555,2016,67
3314,2331,2876,552,666
2208,2266,2932,3210,3369
2273,1420,3290,3252,580
1446,2051,1321,2757,1866
2628,3005,1065,394,1651
1886,1451,1633,90,867
3332,1632,2189,1014,543
1019,2600,627,886,712

9,3,3,3,3,3,3
9,3,3,3,3,3,4
9,3,3,3,3,3,3
9,3,3,3,3,3,3
9,3,3,3,3,3,9
9,3,3,3,3,3,5
7,7,7,7,7,7,2
9,3,3,3,3,3,3
0,0,0,0,0,0,0
9,3,3,3,3,3,9
7,7,7,7,7,7,3
9,3,3,3,3,3,9
9,3,3,3,3,3,3
9,3,3,3,3,3,9
9,3,3,3,3,3,3
9,3,3,3,3,3,9
6,0,6,0,0,0,4
6,6,6,8,6,8,8
9,7,3,7,7,7,3
6,0,6,8,0,0,8
6,6,6,8,6,8,2
7,7,7,7,7,7,2
6,6,6,8,6,8,6
9,3,3,3,3,3,5
7,7,7,7,7,7,5
0,0,0,0,0,0,0
0,0,0,0,0,0,0
7,7,7,7,7,7,4
7,7,7,7,7,7,1
9,3,3,3,3,3,3
6,6,6,8,6,8,1
7,7,7,7,7,7,7
9,3,3,3,3,3,5
6,0,6,0,0,0,4
6,6,6,0,6,6,6
6,6,6,8,6,8,8
6,6,6,8,6,8,1
0,6,0,0,6,0,2
9,3,3,3,3,3,9
6,0,6,0,0,0,4
6,6,6,8,6,8,6
9,3,3,3,3,3,9
9,3,3,3,3,3,3
7,7,7,7,7,7,1
7,7,7,7,7,7,7
6,6,6,0,6,6,6
6,6,6,8,6,8,1
7,7,7,7,7,7,1
7,7,7,7,7,7,9
9,3,3,3,3,3,3
7,7,6,7,7,7,4
9,3,3,3,3,3,5
6,6,6,0,6,6,6
6,6,6,8,6,8,8
0,6,0,0,6,0,2
9,3,3,3,3,3,5
7,7,7,7,7,7,5
0,0,0,0,0,0,0
7,7,7,7,7,7,2
6,6,6,8,6,8,6
6,6,6,0,6,6,6
9,3,3,3,3,3,9
7,7,7,7,7,7,7
6,6,6,8,6,8,8
6,6,6,8,6,8,2
6,6,6,8,6,8,4
7,7,7,7,7,7,1
0,0,0,0,0,0,0
6,0,6,8,0,0,4
6,6,6,8,6,8,8
9,3,3,3,3,3,3
9,3,3,3,3,3,3
0,0,0,0,0,0,0
7,7,7,7,7,7,7
6,6,6,8,6,8,4
9,3,3,3,3,3,9
7,7,7,7,7,7,2
7,7,7,7,7,7,2
9,3,3,3,3,3,5
9,3,3,3,3,3,3
7,7,7,7,7,7,4
6,0,6,0,0,0,4
6,6,6,8,6,8,8
7,7,7,7,7,7,1
9,3,3,3,3,3,3
7,7,6,7,7,7,8
7,7,7,7,7,7,1
6,6,6,0,6,6,6
6,6,6,8,6,8,7
9,3,3,3,3,3,5
6,6,6,8,6,8,8
7,7,7,7,7,7,7
7,7,7,7,7,7,1
0,0,0,0,0,0,0
6,6,6,8,6,8,0
9,3,3,3,3,3,3
6,6,6,0,6,6,4
9,3,3,3,3,3,5
7,7,7,7,7,7,5
7,7,6,7,7,7,1
9,3,3,3,3,3,9
6,0,6,0,0,0,4
0,0,0,0,0,0,0
9,3,3,3,3,3,3
7,7,7,7,7,7,4
9,3,3,3,3,3,3
9,3,3,3,3,3,5
6,6,6,8,6,8,7
6,6,6,0,6,6,6
9,3,3,3,3,3,9
7,7,7,7,7,7,8
6,6,6,8,6,8,8
7,7,7,7,7,7,2
6,0,6,0,0,0,4
7,7,7,7,7,7,1
7,7,7,7,7,7,1
9,3,3,3,3,3,9
7,7,7,7,7,7,7
6,0,6,0,0,0,4
9,7,3,7,7,7,7
0,0,0,0,0,0,4
7,7,7,7,7,7,2
9,3,3,3,3,3,5
0,0,0,0,0,0,0
7,7,7,7,7,7,2
6,6,6,0,6,6,6
7,7,7,7,7,7,1
9,3,3,3,3,3,9
0,0,0,0,0,0,0
7,7,7,7,7,7,4
6,6,6,0,6,6,6
7,7,7,7,7,7,3
7,7,7,7,7,7,7
6,6,6,8,6,8,7
7,7,7,7,7,7,7
7,7,7,7,7,7,1
6,6,6,0,6,6,6
0,0,0,0,0,0,0
9,3,3,3,3,3,5
0,0,0,0,0,0,0
9,3,3,3,3,3,3
7,7,7,7,7,7,1
9,3,3,3,3,3,7
9,3,3,3,3,3,3
0,0,0,0,0,0,0
9,3,3,3,3,3,5
7,7,7,7,7,7,7
0,6,0,0,6,0,0
7,7,7,7,7,7,1
7,7,7,7,7,7,1
9,3,3,3,3,3,3
9,3,3,3,3,3,9
9,3,3,3,3,3,9
7,7,7,7,7,7,7
0,6,0,8,6,0,2
7,7,7,7,7,7,7
9,3,3,3,3,3,9
9,3,3,3,3,3,9
0,0,0,0,0,0,0
6,6,6,8,6,8,6
0,0,0,0,0,0,0
9,3,3,3,3,3,9
6,6,6,8,6,8,1
9,3,3,3,3,3,9
9,7,3,7,7,7,9
7,7,7,7,7,7,3
6,6,6,8,6,8,7
6,6,6,8,6,8,6
7,7,7,7,7,7,8
9,3,3,3,3,3,3
7,7,7,7,7,7,1
0,0,0,0,0,0,4
6,6,6,0,6,6,6
7,7,7,7,7,7,9
6,6,6,8,6,8,8
7,7,7,7,7,7,1
9,3,3,3,3,3,5
7,7,7,7,7,7,9
9,3,3,3,3,3,4
9,3,3,3,3,3,5
9,3,3,3,3,3,3
6,6,6,8,6,8,7
9,3,3,3,3,3,2
7,7,7,7,7,7,5
9,3,3,3,3,3,1
7,7,7,7,7,7,8
6,6,6,8,6,8,6
6,6,6,8,6,8,4
7,7,7,7,7,7,7
7,7,7,7,7,7,7
9,3,3,3,3,3,4
9,3,3,3,3,3,5
7,7,7,7,7,7,2
7,7,7,7,7,7,5
7,7,7,7,7,7,4
9,3,3,3,3,3,3
6,0,6,0,0,0,4
9,3,3,3,3,3,3
9,3,3,3,3,3,5
7,7,7,7,7,7,5
9,3,3,3,3,3,5
9,3,3,3,3,3,3
9,3,3,3,3,3,5
6,6,6,8,6,8,6
7,7,7,7,7,7,1
6,0,6,0,0,0,7
0,6,0,8,6,0,8
7,7,7,7,7,7,9
6,6,6,0,6,6,6
7,7,7,7,7,7,4
7,7,7,7,7,7,7
7,7,7,7,7,7,7
7,7,7,7,7,7,3
6,6,6,8,6,8,8
9,3,3,3,3,3,9
0,6,0,0,6,0,6
9,3,3,3,3,3,3
6,0,6,0,0,0,4
6,6,6,0,6,6,6
6,6,6,8,6,8,6
7,7,7,7,7,7,1
0,0,0,0,0,0,0
6,6,6,8,6,8,8
9,3,3,3,3,3,4
6,6,6,0,6,6,6
6,6,6,0,6,6,4
9,3,3,3,3,3,9
6,6,6,0,6,6,6
6,6,6,8,6,8,6
0,0,0,0,0,0,0
0,0,0,0,0,0,0
9,3,3,3,3,3,9
6,6,6,8,6,8,4
6,6,6,8,6,8,8
6,6,6,8,6,8,7
6,6,6,8,6,8,5
9,3,3,3,3,3,9
7,7,7,7,7,7,7
6,6,6,8,6,8,8
6,6,6,8,6,8,8
6,6,6,8,6,8,6
7,7,7,7,7,7,4
7,7,6,7,7,7,8
9,3,3,3,3,3,9
7,7,7,7,7,7,3
0,0,0,0,0,0,0
9,3,3,3,3,3,3
7,7,7,7,7,7,4
6,6,6,8,6,8,8
6,0,6,0,0,0,4
7,7,7,7,7,7,9
7,7,6,7,7,7,8
6,6,6,0,6,6,6
9,3,3,3,3,3,5
9,7,3,7,7,7,9
9,3,3,3,3,3,9
9,3,3,3,3,3,3
6,6,6,8,6,8,8
7,7,7,7,7,7,2
7,7,7,7,7,7,5
7,7,7,7,7,7,5
6,6,6,0,6,6,6
7,7,7,7,7,7,2
0,0,0,0,0,0,0
9,3,3,3,3,3,9
6,6,6,0,6,6,6
7,7,7,7,7,7,7
6,0,6,0,0,0,4
7,7,6,7,7,7,3
6,6,6,8,6,8,8
0,0,0,0,0,0,0
9,3,3,3,3,3,9
7,7,7,7,7,7,7
6,6,6,8,6,8,8
7,7,7,7,7,7,5
9,3,3,3,3,3,5
9,3,3,3,3,3,3
9,3,3,3,3,3,5
0,0,0,0,0,0,0
7,7,0,7,7,7,0
9,3,3,3,3,3,5
7,7,7,7,7,7,2
9,3,3,3,3,3,9
6,6,6,8,6,8,4
9,3,3,3,3,3,5
7,7,7,7,7,7,2
9,3,3,3,3,3,9
9,3,3,3,3,3,4
6,6,6,0,6,6,6
0,0,0,0,0,0,0
7,7,7,7,7,7,8
9,3,3,3,3,3,5
7,7,7,7,7,7,7
0,0,0,0,0,0,0
9,3,3,3,3,3,3
9,3,3,3,3,3,3
0,0,0,0,0,0,0
0,6,0,8,6,0,6
9,3,3,3,3,3,5
7,7,7,7,7,7,7
6,6,6,8,6,8,8
7,7,7,7,7,7,2
9,3,3,3,3,3,1
9,3,3,3,3,3,5
6,6,6,8,6,8,6
6,6,6,0,6,6,6
6,6,6,0,6,6,4
9,3,3,3,3,3,9
7,7,7,7,7,7,1
7,7,7,7,7,7,1
0,0,0,0,0,0,0
7,7,7,7,7,7,2
0,0,0,0,0,0,0
7,7,7,7,7,7,7
7,7,7,7,7,7,5
7,7,7,7,7,7,2
9,3,3,3,3,3,5
7,7,7,7,7,7,7
0,6,0,0,6,0,0
7,7,7,7,7,7,2
9,3,3,3,3,3,5
7,7,7,7,7,7,7
7,7,7,7,7,7,7
7,7,7,7,7,7,2
0,0,0,0,0,0,0
7,7,7,7,7,7,1
7,7,7,7,7,7,7
6,6,6,8,6,8,8
0,6,0,8,6,0,2
6,6,6,8,6,8,6
6,6,6,8,6,8,8
7,7,7,7,7,7,1
7,7,6,7,7,7,7
6,6,6,8,6,8,8
9,3,3,3,3,3,3
6,6,6,0,6,6,6
7,7,7,7,7,7,7
6,6,6,8,6,8,8
6,6,6,8,6,8,8
9,3,3,3,3,3,1
9,3,3,3,3,3,4
7,7,7,7,7,7,1
7,7,6,7,7,7,2
7,7,7,7,7,7,2
6,6,6,8,6,8,2
6,6,6,8,6,8,4
9,7,3,7,7,7,1
9,3,3,3,3,3,3
6,0,6,8,0,0,4
7,7,7,7,7,7,4
9,3,3,3,3,3,3
9,3,3,3,3,3,3
9,7,3,7,7,7,1
6,6,6,8,6,8,7
9,3,3,3,3,3,5
6,6,6,0,6,6,6
6,0,6,0,0,0,4
0,0,0,0,0,0,0
9,3,3,3,3,3,9
7,7,7,7,7,7,9
9,3,3,3,3,3,1
7,7,7,7,7,7,1
6,6,6,0,6,6,5
9,3,3,3,3,3,5
6,6,6,8,6,8,8
6,6,6,0,6,6,6
6,6,6,0,6,6,6
6,6,6,8,6,8,8
6,6,6,0,6,6,6
7,7,7,7,7,7,2
6,6,6,0,6,6,6
6,6,6,8,6,8,8
7,7,7,7,7,7,2
6,6,6,8,6,8,8
9,7,3,7,7,7,3
6,6,6,8,6,8,3
9,3,3,3,3,3,9
9,3,3,3,3,3,3
6,6,6,8,6,8,7
6,6,6,8,6,8,8
9,3,3,3,3,3,5
9,3,3,3,3,3,3
9,3,3,3,3,3,5
6,6,6,8,6,8,7
0,0,0,0,0,0,0
7,7,7,7,7,7,9
6,6,6,8,6,8,8
9,3,3,3,3,3,1
9,3,3,3,3,3,3
0,0,0,0,0,0,0
6,6,6,8,6,8,1
7,7,7,7,7,7,2
6,6,6,0,6,6,4
9,3,3,3,3,3,3
6,6,6,8,6,8,8
6,6,6,8,6,8,1
9,3,3,3,3,3,9
7,7,7,7,7,7,5
6,6,6,0,6,6,6
9,3,3,3,3,3,1
6,6,6,8,6,8,7
7,7,7,7,7,7,7
9,3,3,3,3,3,5
9,3,3,3,3,3,3
0,0,0,0,0,0,0
6,6,6,0,6,6,6
7,7,7,7,7,7,2
6,6,6,0,6,6,6
7,7,7,7,7,7,5
9,3,3,3,3,3,3
6,6,6,0,6,6,6
7,7,7,7,7,7,5
7,7,7,7,7,7,4
0,0,0,0,0,0,0
7,7,7,7,7,7,2
6,6,6,0,6,6,6
0,0,0,0,0,0,0
9,3,3,3,3,3,5
6,6,6,0,6,6,6
7,7,7,7,7,7,4
7,7,7,7,7,7,1
9,3,3,3,3,3,9
9,3,3,3,3,3,5
6,0,6,0,0,0,4
7,7,7,7,7,7,4
7,7,7,7,7,7,1
0,6,0,0,6,0,6
9,3,3,3,3,3,1
6,6,6,8,6,8,2
6,6,6,8,6,8,7
9,3,3,3,3,3,5
6,6,6,8,6,8,4
9,3,3,3,3,3,1
7,7,7,7,7,7,2
7,7,7,7,7,7,1
0,6,0,0,6,0,1
7,7,7,7,7,7,2
0,0,0,0,0,0,0
6,6,6,8,6,8,4
6,0,6,8,0,0,7
0,0,0,0,0,0,0
9,3,3,3,3,3,3
7,7,7,7,7,7,2
6,6,6,0,6,6,6
7,7,7,7,7,7,8
9,3,3,3,3,3,4
0,6,0,8,6,0,2
6,6,6,8,6,8,8
6,6,6,8,6,8,8
6,6,6,8,6,8,8
6,6,6,8,6,8,4
7,7,6,7,7,7,6
0,0,0,0,0,0,0
9,3,3,3,3,3,9
9,3,3,3,3,3,5
0,6,0,0,6,0,6
0,0,0,0,0,0,4
6,6,6,8,6,8,2
9,3,3,3,3,3,3
9,3,3,3,3,3,3
9,3,3,3,3,3,9
0,0,0,0,0,0,0
6,6,6,8,6,8,8
7,7,7,7,7,7,2
7,7,7,7,7,7,7
7,7,7,7,7,7,2
7,7,7,7,7,7,2
7,7,7,7,7,7,2
7,7,7,7,7,7,7
7,7,7,7,7,7,8
9,3,3,3,3,3,3
9,3,3,3,3,3,3
6,6,6,8,6,8,1
7,7,7,7,7,7,7
0,0,0,0,0,0,0
6,6,6,0,6,6,6
9,3,3,3,3,3,9
9,3,3,3,3,3,3
6,6,6,8,6,8,1
0,0,0,0,0,0,0
9,3,3,3,3,3,3
6,6,6,8,6,8,1
9,3,3,3,3,3,3
0,0,0,0,0,0,0
6,6,6,0,6,6,4
6,6,6,8,6,8,6
6,6,6,8,6,8,6
9,3,3,3,3,3,9
9,3,3,3,3,3,5
0,0,0,0,0,0,4
7,7,7,7,7,7,2
6,6,6,8,6,8,8
7,7,7,7,7,7,4
9,3,3,3,3,3,9
9,3,3,3,3,3,9
7,7,7,7,7,7,1
6,6,6,8,6,8,8
6,6,6,8,6,8,6
6,6,6,8,6,8,1
6,6,6,8,6,8,4
6,6,6,0,6,6,8
7,7,6,7,7,7,1
0,0,0,0,0,0,0
9,3,3,3,3,3,3
7,7,7,7,7,7,5
7,7,7,7,7,7,2
6,6,6,0,6,6,6
6,6,6,8,6,8,8
9,7,3,7,7,7,1
0,0,0,0,0,0,0
9,3,3,3,3,3,4
9,3,3,3,3,3,3
7,7,7,7,7,7,8
6,6,6,8,6,8,8
6,0,6,8,0,0,7
7,7,7,7,7,7,1
9,3,3,3,3,3,1
9,3,3,3,3,3,9
7,7,7,7,7,7,7
9,3,3,3,3,3,3
7,7,7,7,7,7,1
9,3,3,3,3,3,3
6,6,6,0,6,6,6
7,7,7,7,7,7,8
9,3,3,3,3,3,9
7,7,7,7,7,7,7
0,0,0,0,0,0,0
6,6,6,0,6,6,6
6,6,6,8,6,8,8
9,3,3,3,3,3,3
9,3,3,3,3,3,3
9,3,3,3,3,3,1
0,0,0,0,0,0,0
7,7,7,7,7,7,4
6,0,6,0,0,0,4
6,6,6,8,6,8,8
7,7,7,7,7,7,2
9,3,3,3,3,3,3
9,3,3,3,3,3,5
7,7,7,7,7,7,4
0,0,0,0,0,0,0
6,6,6,8,6,8,4
7,7,7,7,7,7,7
7,7,7,7,7,7,7
0,6,0,0,6,0,0
9,3,3,3,3,3,9
6,0,6,0,0,0,4
9,7,3,7,7,7,4
6,6,6,0,6,6,6
6,6,6,8,6,8,2
9,3,3,3,3,3,9
0,0,0,0,0,0,0
6,6,6,0,6,6,6
9,3,3,3,3,3,3
0,0,0,0,0,0,0
9,3,3,3,3,3,9
7,7,7,7,7,7,5
7,7,7,7,7,7,2
9,3,3,3,3,3,3
6,0,6,0,0,0,4
6,0,6,8,0,0,8
7,7,7,7,7,7,3
6,6,6,8,6,8,8
6,6,6,8,6,8,2
0,0,0,0,0,0,0
6,6,6,8,6,8,2
0,0,0,0,0,0,0
7,7,7,7,7,7,4
9,3,3,3,3,3,5
9,3,3,3,3,3,9
0,0,0,0,0,0,0
9,3,3,3,3,3,2
6,6,6,0,6,6,6
9,3,3,3,3,3,3
0,0,0,0,0,0,0
9,3,3,3,3,3,9
9,3,3,3,3,3,9
9,3,3,3,3,3,5
9,3,3,3,3,3,9
9,3,3,3,3,3,9
9,3,3,3,3,3,9
6,6,6,0,6,6,6
6,6,6,0,6,6,6
9,3,3,3,3,3,3
7,7,7,7,7,7,5
9,3,3,3,3,3,5
6,6,6,8,6,8,8
9,3,3,3,3,3,9
9,3,3,3,3,3,9
6,6,6,8,6,8,7
7,7,7,7,7,7,2
9,3,3,3,3,3,5
0,0,0,0,0,0,0
7,7,7,7,7,7,2
7,7,6,7,7,7,1
6,6,6,8,6,8,8
7,7,7,7,7,7,5
6,6,6,0,6,6,6
9,3,3,3,3,3,9
9,3,3,3,3,3,7
7,7,7,7,7,7,2
9,3,3,3,3,3,3
6,6,6,8,6,8,8
7,7,7,7,7,7,2
7,7,7,7,7,7,2
6,6,6,0,6,6,6
9,3,3,3,3,3,9
6,6,6,0,6,6,6
9,3,3,3,3,3,5
7,7,7,7,7,7,4
6,0,6,0,0,0,4
9,3,3,3,3,3,9
7,7,6,7,7,7,7
6,6,6,0,6,6,6
7,7,7,7,7,7,7
9,3,3,3,3,3,4
9,3,3,3,3,3,9
9,3,3,3,3,3,1
6,6,6,0,6,6,6
0,0,0,8,0,0,0
7,7,7,7,7,7,7
6,6,6,8,6,8,8
6,6,6,0,6,6,6
6,6,6,8,6,8,8
6,6,6,0,6,6,6
6,6,6,8,6,8,4
9,3,3,3,3,3,4
7,7,7,7,7,7,7
6,0,6,0,0,0,4
6,6,6,0,6,6,6
9,3,3,3,3,3,9
0,0,0,0,0,0,0
9,3,3,3,3,3,9
7,7,7,7,7,7,1
7,7,7,7,7,7,9
0,0,0,0,0,0,0
9,3,3,3,3,3,9
7,7,7,7,7,7,1
7,7,7,7,7,7,2
6,6,6,0,6,6,6
9,3,3,3,3,3,1
9,3,3,3,3,3,9
9,3,3,3,3,3,9
9,3,3,3,3,3,5
7,7,7,7,7,7,3
6,0,6,0,0,0,4
6,6,6,8,6,8,8
7,7,7,7,7,7,1
7,7,7,7,7,7,8
6,6,6,8,6,8,2
6,6,6,0,6,6,8
9,7,3,7,7,7,1
9,3,3,3,3,3,9
7,7,7,7,7,7,1
7,7,7,7,7,7,7
6,6,6,0,6,6,6
0,0,0,0,0,0,0
6,6,6,8,6,8,8
9,3,3,3,3,3,3
6,6,6,8,6,8,1
7,7,7,7,7,7,2
7,7,7,7,7,7,3
7,7,7,7,7,7,7
7,7,7,7,7,7,2
7,7,7,7,7,7,1
6,6,6,0,6,6,6
6,0,6,0,0,0,4
7,7,7,7,7,7,4
0,0,0,8,0,0,0
7,7,7,7,7,7,2
6,6,6,8,6,8,8
9,3,3,3,3,3,9
7,7,7,7,7,7,2
9,3,3,3,3,3,9
0,0,0,0,0,0,0
7,7,7,7,7,7,7
9,3,3,3,3,3,5
0,0,0,0,0,0,0
7,7,7,7,7,7,3
6,0,6,0,0,0,4
9,3,3,3,3,3,9
7,7,7,7,7,7,7
6,6,6,0,6,6,6
0,0,0,0,0,0,0
7,7,7,7,7,7,7
6,6,6,0,6,6,4
7,7,7,7,7,7,7
0,0,0,0,0,0,0
9,3,3,3,3,3,5
9,3,3,3,3,3,3
6,6,6,8,6,8,1
6,6,6,0,6,6,6
6,6,6,8,6,8,4
6,6,6,8,6,8,8
7,7,7,7,7,7,1
9,3,3,3,3,3,9
7,7,7,7,7,7,1
9,3,3,3,3,3,2
6,0,6,8,0,0,7
9,3,3,3,3,3,9
6,6,6,8,6,8,3
9,3,3,3,3,3,9
6,6,6,8,6,8,7
7,7,7,7,7,7,7
7,7,7,7,7,7,2
0,0,0,0,0,0,0
7,7,7,7,7,7,4
7,7,7,7,7,7,1
9,3,3,3,3,3,9
6,6,6,0,6,6,4
9,3,3,3,3,3,9
0,0,0,0,0,0,0
0,0,0,0,0,0,0
0,0,0,0,0,0,0
6,6,6,8,6,8,6
6,6,6,8,6,8,3
6,0,6,0,0,0,4
6,6,6,0,6,6,6
6,6,6,8,6,8,2
9,3,3,3,3,3,9
7,7,7,7,7,7,7
7,7,7,7,7,7,7
6,6,6,8,6,8,8
7,7,7,7,7,7,2
7,7,7,7,7,7,1
0,0,0,0,0,0,0
7,7,7,7,7,7,2
0,0,0,0,0,0,0
9,3,3,3,3,3,3
7,7,7,7,7,7,1
9,3,3,3,3,3,9
6,0,6,0,0,0,4
7,7,7,7,7,7,1
0,0,0,0,0,0,0
6,6,6,8,6,8,2
9,3,3,3,3,3,4
7,7,7,7,7,7,3
9,3,3,3,3,3,5
0,0,0,0,0,0,0
9,3,3,3,3,3,3
6,6,6,8,6,8,3
9,3,3,3,3,3,9
6,6,6,8,6,8,8
7,7,7,7,7,7,1
6,6,6,0,6,6,6
7,7,6,7,7,7,9
0,0,0,0,0,0,4
7,7,7,7,7,7,3
6,6,6,0,6,6,6
9,3,0,3,3,3,0
0,6,0,8,6,0,8
6,6,6,8,6,8,4
9,3,3,3,3,3,5
6,6,6,0,6,6,6
6,0,6,0,0,0,0
6,6,6,0,6,6,6
7,7,7,7,7,7,7
0,0,0,0,0,0,0
9,3,3,3,3,3,4
9,7,3,7,7,7,7
7,7,7,7,7,7,8
7,7,7,7,7,7,1
7,7,7,7,7,7,8
9,3,3,3,3,3,5
9,3,3,3,3,3,1
9,3,3,3,3,3,5
7,7,7,7,7,7,2
6,0,6,8,0,0,5
9,3,3,3,3,3,9
9,3,3,3,3,3,5
9,3,3,3,3,3,9
9,3,3,3,3,3,9
7,7,7,7,7,7,7
9,7,3,7,7,7,3
9,3,3,3,3,3,3
7,7,7,7,7,7,2
6,6,6,8,6,8,6
9,3,3,3,3,3,3
7,7,7,7,7,7,8
0,0,0,0,0,0,0
0,0,0,0,0,0,0
6,6,6,8,6,8,7
9,3,3,3,3,3,1
6,6,6,8,6,8,4
6,6,6,8,6,8,1
7,7,7,7,7,7,2
6,6,6,8,6,8,6
0,0,0,0,0,0,4
9,3,3,3,3,3,9
6,6,6,8,6,8,2
7,7,0,7,7,7,5
9,3,3,3,3,3,3
9,3,3,3,3,3,9
7,7,7,7,7,7,7
7,7,7,7,7,7,7
9,3,3,3,3,3,5
6,6,6,8,6,8,7
6,6,6,0,6,6,4
6,6,6,8,6,8,4
7,7,7,7,7,7,7
9,3,3,3,3,3,5
0,0,0,0,0,0,0
6,6,6,8,6,8,2
6,6,6,8,6,8,7
6,6,6,8,6,8,7
6,6,6,8,6,8,7
6,6,6,8,6,8,8
6,6,6,8,6,8,7
7,7,7,7,7,7,7
9,3,3,3,3,3,1
6,6,6,8,6,8,8
6,6,6,8,6,8,2
6,0,6,8,0,0,7
9,3,3,3,3,3,4
7,7,7,7,7,7,4
7,7,7,7,7,7,7
6,6,6,8,6,8,6
9,3,3,3,3,3,3
7,7,7,7,7,7,7
7,7,7,7,7,7,9
6,6,6,8,6,8,8
7,7,7,7,7,7,5
0,0,0,0,0,0,0
6,6,6,8,6,8,8
9,3,3,3,3,3,3
6,6,6,0,6,6,6
6,0,6,8,0,0,8
9,3,3,3,3,3,3
9,3,3,3,3,3,9
6,6,6,8,6,8,6
7,7,7,7,7,7,5
6,6,6,8,6,8,8
9,3,3,3,3,3,5
0,0,0,0,0,0,0
6,0,6,0,0,0,4
9,3,3,3,3,3,5
9,3,3,3,3,3,9
9,7,3,7,7,7,2
6,0,6,0,0,0,4
9,3,3,3,3,3,3
6,0,6,8,0,0,7
7,7,7,7,7,7,1
6,6,6,8,6,8,2
9,3,3,3,3,3,9
6,0,6,0,0,0,4
9,3,3,3,3,3,1
9,3,3,3,3,3,3
7,7,7,7,7,7,7
6,6,6,8,6,8,7
7,7,7,7,7,7,1
9,3,3,3,3,3,3
6,6,6,8,6,8,4
7,7,7,7,7,7,7
9,3,3,3,3,3,3
7,7,7,7,7,7,5
6,6,6,8,6,8,8
7,7,7,7,7,7,2
9,3,3,3,3,3,1
9,3,3,3,3,3,9
6,0,6,8,0,0,8
7,7,7,7,7,7,8
7,7,7,7,7,7,2
7,7,7,7,7,7,7
6,6,6,8,6,8,2
9,3,3,3,3,3,9
9,7,3,7,7,7,5
7,7,7,7,7,7,1
9,3,3,3,3,3,5
6,6,6,8,6,8,2
0,0,0,0,0,0,0
7,7,7,7,7,7,5
6,6,6,8,6,8,8
6,6,6,0,6,6,6
7,7,6,7,7,7,8
7,7,7,7,7,7,2
7,7,7,7,7,7,1
7,7,7,7,7,7,2
6,6,6,8,6,8,3
6,6,6,0,6,6,6
7,7,7,7,7,7,2
7,7,7,7,7,7,7
6,6,6,0,6,6,6
6,6,6,0,6,6,6
9,3,3,3,3,3,5
7,7,7,7,7,7,1
0,0,0,0,0,0,0
0,0,0,0,0,0,0
6,6,6,0,6,6,6
6,6,6,0,6,6,6
6,6,6,8,6,8,2
0,0,0,0,0,0,0
9,3,6,3,3,3,3
9,3,3,3,3,3,3
6,6,6,8,6,8,8
9,7,3,7,7,7,3
9,3,3,3,3,3,9
6,6,6,8,6,8,1
7,7,7,7,7,7,2
6,6,6,0,6,6,6
7,7,7,7,7,7,8
7,7,7,7,7,7,2
7,7,7,7,7,7,4
7,7,7,7,7,7,7
9,3,3,3,3,3,2
6,6,6,8,6,8,2
6,6,6,8,6,8,8
7,7,7,7,7,7,7
7,7,7,7,7,7,1
7,7,7,7,7,7,7
6,0,6,8,0,0,7
0,0,0,0,0,0,0
9,3,3,3,3,3,9
6,6,6,8,6,8,1
7,7,7,7,7,7,2
7,7,7,7,7,7,5
6,6,6,8,6,8,8
9,3,3,3,3,3,9
9,3,3,3,3,3,1
6,6,6,8,6,8,4
9,3,3,3,3,3,3
0,0,0,0,0,0,0
7,7,7,7,7,7,2
7,7,7,7,7,7,8
0,0,0,0,0,0,0
6,6,6,8,6,8,8
6,0,6,8,0,0,1
6,0,6,8,0,0,4
7,7,7,7,7,7,1
7,7,7,7,7,7,7
0,0,0,0,0,0,0
7,7,7,7,7,7,1
6,6,6,8,6,8,1
6,6,6,0,6,6,5
7,7,7,7,7,7,5
9,7,3,7,7,7,5
7,7,7,7,7,7,4
0,0,0,0,0,0,0
7,7,7,7,7,7,2
7,7,7,7,7,7,2
7,7,7,7,7,7,1
6,6,6,0,6,6,6
6,0,6,0,0,0,4
6,6,6,8,6,8,1
9,3,3,3,3,3,1
0,0,0,0,0,0,0
7,7,7,7,7,7,1
7,7,7,7,7,7,4
6,0,6,0,0,0,4
6,6,6,8,6,8,7
7,7,6,7,7,7,7
9,3,3,3,3,3,3
9,3,3,3,3,3,4
6,0,6,8,0,0,8
6,6,6,0,6,6,6
9,3,3,3,3,3,5
7,7,7,7,7,7,7
7,7,7,7,7,7,1
7,7,7,7,7,7,2
0,0,0,0,0,0,0
0,0,0,0,0,0,0
9,3,3,3,3,3,3
6,6,6,8,6,8,8
9,3,3,3,3,3,1
6,6,6,0,6,6,6
9,3,3,3,3,3,5
9,3,3,3,3,3,0
6,6,6,8,6,8,8
6,6,6,0,6,6,8
7,7,7,7,7,7,7
9,3,3,3,3,3,3
7,7,7,7,7,7,2
6,6,6,0,6,6,6
6,0,6,0,0,0,4
9,3,3,3,3,3,1
6,6,6,8,6,8,8
0,0,0,0,0,0,0
6,0,6,0,0,0,7
7,7,7,7,7,7,5
6,6,6,8,6,8,8
6,6,6,0,6,6,6
6,6,6,0,6,6,6
6,0,6,8,0,0,4
6,6,6,8,6,8,6
9,3,3,3,3,3,3
7,7,7,7,7,7,5
9,3,3,3,3,3,3
7,7,7,7,7,7,4
7,7,7,7,7,7,7
9,3,3,3,3,3,3
6,6,6,0,6,6,8
9,3,3,3,3,3,5
9,7,3,7,7,7,9
7,7,7,7,7,7,3
6,0,6,0,0,0,4
7,7,7,7,7,7,2
9,3,3,3,3,3,5
6,6,6,8,6,8,8
7,7,7,7,7,7,2
9,3,3,3,3,3,3
6,0,6,8,0,0,7
0,6,0,0,6,0,6
7,7,7,7,7,7,8
7,7,7,7,7,7,7
6,6,6,8,6,8,8
6,6,6,8,6,8,2
0,0,0,0,0,0,0
6,6,6,8,6,8,1
9,3,3,3,3,3,9
6,6,6,0,6,6,6
9,7,3,7,7,7,1
9,3,3,3,3,3,5
6,0,6,0,0,0,4
0,0,0,0,0,0,0
9,3,3,3,3,3,5
7,7,7,7,7,7,8
7,7,7,7,7,7,3
9,3,3,3,3,3,9
7,7,6,7,7,7,7
9,3,3,3,3,3,5
7,7,7,7,7,7,2
7,7,7,7,7,7,3
7,7,7,7,7,7,2
6,6,6,8,6,8,8
7,7,7,7,7,7,5
7,7,6,7,7,7,8
7,7,7,7,7,7,7
7,7,7,7,7,7,5
7,7,7,7,7,7,5
7,7,7,7,7,7,7
9,3,3,3,3,3,9
6,0,6,0,0,0,4
9,3,3,3,3,3,9
9,3,3,3,3,3,3
9,3,3,3,3,3,1
6,6,6,0,6,6,6
0,0,0,0,0,0,0
7,7,7,7,7,7,7
9,3,3,3,3,3,9
0,0,0,0,0,0,0
6,6,6,8,6,8,1
9,3,3,3,3,3,9
6,6,6,0,6,6,6
6,6,6,8,6,8,2
6,6,6,0,6,6,4
6,6,6,0,6,6,6
7,7,7,7,7,7,5
7,7,7,7,7,7,2
6,6,6,8,6,8,8
9,3,3,3,3,3,1
6,6,6,8,6,8,6
9,3,3,3,3,3,5
0,0,0,0,0,0,0
9,3,3,3,3,3,3
6,6,6,8,6,8,8
7,7,7,7,7,7,2
6,6,6,8,6,8,1
0,0,0,0,0,0,0
0,6,0,0,6,0,0
7,7,6,7,7,7,1
0,0,0,0,0,0,0
9,3,3,3,3,3,3
9,3,3,3,3,3,1
7,7,7,7,7,7,2
9,3,3,3,3,3,9
6,6,6,0,6,6,6
6,6,6,8,6,8,8
0,0,0,0,0,0,0
9,3,3,3,3,3,3
7,7,7,7,7,7,5
6,0,6,8,0,0,4
9,3,0,3,3,3,4
0,0,0,0,0,0,0
7,7,7,7,7,7,2
0,0,0,0,0,0,0
7,7,7,7,7,7,1
6,6,6,8,6,8,8
0,0,0,0,0,0,0
9,3,3,3,3,3,3
0,6,0,0,6,0,6
6,6,6,8,6,8,2
0,0,0,0,0,0,0
9,7,3,7,7,7,5
6,6,6,8,6,8,2
9,3,3,3,3,3,9
9,3,3,3,3,3,1
9,3,3,3,3,3,1
6,6,6,8,6,8,8
6,6,6,0,6,6,6
9,3,3,3,3,3,4
7,7,7,7,7,7,7
7,7,7,7,7,7,7
6,6,6,0,6,6,6
9,3,3,3,3,3,5
6,6,6,8,6,8,2
0,6,0,8,6,0,8
9,3,3,3,3,3,5
9,3,3,3,3,3,2
6,6,6,8,6,8,1
6,6,6,0,6,6,6
6,6,6,8,6,8,1
7,7,7,7,7,7,9
9,3,3,3,3,3,5
0,0,0,0,0,0,0
6,6,6,0,6,6,6
9,3,3,3,3,3,9
6,0,6,0,0,0,4
9,3,3,3,3,3,5
7,7,7,7,7,7,5
7,7,7,7,7,7,7
6,6,6,8,6,8,8
7,7,7,7,7,7,4
7,7,7,7,7,7,2
9,3,3,3,3,3,5
7,7,7,7,7,7,2
7,7,7,7,7,7,7
9,3,3,3,3,3,5
9,3,3,3,3,3,5
9,3,3,3,3,3,9
7,7,7,7,7,7,7
7,7,7,7,7,7,7
9,3,3,3,3,3,9
6,6,6,0,6,6,6
7,7,7,7,7,7,3
7,7,7,7,7,7,2

0.3887900355871886
