2732,4769
2607,4092
1653,2568
3264,846
4931,2537
4859,699
1033,3623
4373,1688
3468,1545
705,3425
2599,255
2135,2610
2222,4824
2897,1423
1701,1262
537,2374
2893,2877
2163,401
5072,111
4851,1473
2046,5192
1871,4994
2496,3104
99,2518
2008,2428
755,4618
797,2014
659,904
3219,3093
423,3703
3337,2245
2745,2331
4735,2266
544,3392
714,1632
2292,1806
151,3608
2723,2883
3531,3401
2930,1350
1207,4163
802,3484
2176,4716
2176,5109
1956,3781
3622,1
3560,1169
756,431
4369,436
4484,4649
1641,2072
3114,1988
4984,5191
4353,1093
4071,2708
4009,3907
2105,4442
3942,1857
3191,2216
430,4464
4187,4454
2446,2990
2659,405
1589,4522
2956,1876
2681,3788
4180,3414
2251,3092
4420,4205
4870,777
1071,3259
4735,612
5068,4095
1204,745
3918,3647
1167,2332
1684,4478
3299,2675
2767,2444
2957,1764
4469,109
560,3351
1605,1211
1472,1273
3678,2166
256,2249
3762,231
1954,1871
816,11
2435,2057
1634,218
973,1419
4464,4225
2023,2969
2965,2040
201,3308
2431,1111
2418,4884
4651,4913
5050,5000
3455,4416
4226,1694
931,4261
1987,2621
2787,4054
4305,4201
2610,3463
4182,2753
4968,1144
2059,429
307,4638
1152,1477
275,3088
1208,1579
2492,1406
2536,535
637,1192
770,1968
94,2855
3298,3499
2344,764
3091,1935
4703,3508
3912,1772
1434,5173
180,4862
2371,1692
3854,3569
4845,3604
2187,3334
5116,927
2646,1241
3533,5060
2937,2286
1645,3469
4939,111
1552,1601
3224,601
5021,1583
2197,4650
1134,2198
25,1859
1488,1171
956,3357
1913,758
2934,1492
1469,4461
2721,2974
1896,1708
928,1487
2811,2003
469,2981
2335,2100
525,1344
1863,1553
1720,4753
591,1447
2322,4712
3510,3971
207,1338
4262,3584
3421,2329
4089,2388
1910,3677
2860,4545
216,3982
24,742
4163,260
3026,2269
5103,2493
2282,2320
1740,3266
4387,2638
5118,3434
3781,689
2775,24
2603,4501
1162,1544
4075,712
623,4165
770,1632
4051,4352
1241,4907
2711,2419
821,262
4403,4494
1198,1372
2997,4405
2595,1053
807,4050
3465,4957
2121,2170
4393,741
3886,131
730,3146
1795,3495
1823,96
3466,416
3611,2318
4525,3551
199,2914
1447,1859
5181,2957
2389,2385
4961,3389
3116,3362
2850,1634
1954,1522
4863,452
1792,2965
1483,4130
197,858
894,1736
136,3534
2237,2979
2257,2764
1392,3537
3419,106
168,465
2852,1248
4272,4273
1561,4619
4419,322
508,790
3186,3369
5149,5007
1777,2235
3361,205
146,3939
4317,941
4605,4403
2562,1948
908,2386
4652,2156
4981,919
2813,3338
3695,1933
3413,3917
423,3075
3623,1164
3734,2035
3486,2941
3729,4870
967,2868
4370,1439
860,887
433,3371
4905,661
1429,269
4297,1325
3929,540
2546,1341
329,4506
3612,306
209,1551
3968,1133
1040,2599
164,5014
606,4635
1219,2726
1331,534
4232,3909
952,3926
4955,3905
3165,1975
2798,4767
160,957
2195,4377
4680,2024
1111,2887
3085,1209
1908,4663
2999,2833
2763,1974
732,3328
5028,2787
281,1229
4896,2812
3854,4360
4566,319
1308,3466
3396,4825
595,5129
647,84
4040,4356
573,443
256,3111
3208,2766
3279,2798
1028,2171
4444,560
2989,1310
586,1027
5102,2058
3291,1173
2867,4009
739,2938
4969,1377
4882,4321
3445,3251
437,3276
3898,564
4011,3522
1847,1881
1532,2538
1020,2526
941,2396
2903,910
449,13
3398,2657
3125,3862
816,3316
2107,906
1690,4739
4259,3231
3642,1009
945,1408
201,1560
1805,340
1862,4651
550,730
3751,3031
1672,3937
2040,1370
903,3231
504,3624
3811,4319
1479,1288
4496,4529
3128,3748
3821,4958
2711,4282
280,4341
1028,1232
2660,2340
5100,1723
2353,235
2391,4204
153,1295
3860,2061
2405,3737
2745,1744
4503,2866
1053,302
2977,130
3893,3233
2679,4572
2995,4698
4950,1434
4103,3528
2665,4435
3057,411
3968,2777
851,3288
1400,364
5028,1956
3793,1676
3331,4316
126,4164
577,69
804,1196
3024,2810
112,1649
1967,5016
650,1784
4333,492
1384,3440
5086,414
63,288
3999,1365
3988,4035
2502,3957
3516,3217
4699,4498
2671,2723
2387,4922
1868,4395
3441,371
2274,2145
1963,969
2956,2203
3898,4031
3969,5097
4903,688
5144,225
698,4491
292,4333
837,1518
4099,4513
4776,2190
4122,1390
736,2719
2296,3903
4461,3605
1971,666
3273,2542
197,2433
5025,1976
1671,835
2685,4945
606,2334
2120,993
4342,2058
1159,1273
1731,3718
2261,517
3395,2346
2375,198
595,1702
2304,2565
3717,2718
3419,4667
1131,8
2003,375
3591,1622
3221,4879
2021,4710
1707,2414
1582,2548
0,3934
691,4102
3146,2058
2547,4764
2786,1927
2683,1520
343,3586
4378,3399
3187,4275
4524,2323
827,3678
1849,4222
2221,1307
3204,47
3513,2583
93,954
2467,4958
3778,2003
404,1160
5037,1677
1209,678
5071,810
375,3123
3945,2116
2750,4902
497,3643
1438,1983
738,437
4515,5182
3290,1390
1975,1650
1562,1441
5142,88
460,3292
3674,3797
3123,2420
1838,2756
1468,1385
4736,2129
3466,3737
4043,959
4423,4260
4702,550
2987,4450
4690,3539
3463,5097
3292,4964
2881,3305
2908,1867
334,1093
741,333
1243,1982
100,3554
2463,430
2269,5152
174,1564
605,12
3745,2353
4876,1531
3808,5139
1769,3286
848,2455
1090,2590
5107,5052
2173,4532
1162,3853
4720,1522
1179,4282
696,3324
4417,2834
2496,2063
2757,78
3928,774
4047,2243
2051,3142
3310,3805
1747,3251
2904,5069
902,4955
3868,1562
4723,925
4998,2396
4930,3389
604,3772
3686,3983
869,4601
3451,4187
3781,2208
1353,113
100,4494
4790,2884
845,2393
671,1504
3665,3340
3107,3945
237,1339
1305,820
21,1202
1253,120
400,5042
1006,3700
3191,1875
1701,2904
1734,2425
3418,1711
586,4695
5046,2314
830,2005
1608,1078
3205,862
4795,1945
4547,695
4850,3807
1337,3119
3547,1518
387,411
2766,3417
3922,731
1221,1680
1924,2491
709,3141
447,1680
350,1843
664,1628
3715,0
4421,4819
424,535
4260,4852
1201,4718
3511,806
2712,2728
673,4834
1938,2687
4558,911
753,2122
1973,1307
4843,2355
4142,892
2687,426
337,1510
3596,718
3702,1839
1838,3409
2934,252
4384,3241
115,4332
2684,899
4505,3568
3246,3189
2546,1945
4718,4312
3404,2924
3958,5087
2633,3287
4242,2045
2820,2383
1799,2069
2691,4120
1072,2115
3148,4646
4212,4588
1517,142
1584,2629
2002,698
2227,4457
2609,4675
3143,240
3505,2259
4078,2130
4611,363
74,4785
3393,1649
3604,4481
3280,1671
5162,4616
28,3615
1434,636
2903,4302
3252,3476
1638,2194
777,1187
3444,4908
4953,1000
885,2407
612,3321
4186,1318
1092,4137
617,1208
1546,2544
4108,4427
2273,2801
2469,3442
4263,2333
928,5092
1402,4914
3361,4650
922,3610
99,5116
2354,1227
2392,4793
4830,1129
1608,3527
920,2941
3306,372
284,1760
3730,2311
2349,4535
2870,401
0,74
2186,988
4803,710
2489,2460
4038,2303
2963,1680
1186,4157
2098,1860
4966,2245
2068,4568
4726,3756
2176,2358
4201,1008
225,1952
1807,3788
3190,1473
2199,751
1932,4172
3973,5022
3841,4776
266,3484
3078,500
614,11
4006,2653
4427,3176
1365,4204
3454,690
2418,762
3330,2459
4765,2232
627,3068
968,4971
4485,3764
181,346
2283,4685
4289,3609
3134,3049
2380,5015
120,3015
525,1601
222,2216
3676,324
4332,4117
2153,4371
3285,3809
3590,650
4708,5144
3632,4249
1576,1891
922,2750
5055,2494
3557,3022
3109,3215
4191,1668
2544,1636
62,1120
2442,4967
2444,490
2023,2645
150,2945
403,690
2437,3095
2852,3136
4691,4366
127,4571
1508,3572
1797,3365
2508,716
3825,4210
1107,2401
3980,1230
2022,3372
1159,1735
3252,3171
592,751
1024,4673
3799,3143
3715,1527
4669,4327
2371,266
3216,2056
1904,2830
1481,2013
116,607
741,1843
824,4521
1909,5072
3593,3113
4588,813
2127,2399
742,4762
417,3829
1924,2815
2960,3013
2276,589
1863,3349
2414,4098
7,2287
790,416
1890,1604
2206,4220
1782,1960
1616,4289
1179,4405
4591,2407
626,3276
4071,826
798,3926
2138,1000
2614,3395
1873,3286
4720,4863
4517,1816
5188,2181
437,3796
3085,765
4883,1802
3336,1128
1745,1212
2428,345
100,3098
1409,1689
765,1246
4997,2329
4326,1216
4600,1481
2710,2254
3102,3517
1796,3879
4756,1431
2634,2027
123,2484
2789,1221
1629,34
4777,1922
2236,3790
1233,2843
4787,4763
1320,3413
2538,1272
1502,2789
2589,840
3749,3208
4478,4909
2264,3477
508,3415
3137,4225
3272,4846
1408,824
1111,2635
3877,4760
2495,2039
2458,3804
4825,4746
1527,2780
2511,2096
1125,3045
1321,2837
1937,1739
3952,132
3115,4582
1134,3195
3525,1230
4470,3576
2963,3767
3437,999
2167,4522
4378,2655
560,3627
3271,1787
4335,5014
2742,34
4704,4387
4452,5092
1874,4319
1429,2814
2562,3492
3336,4626
2309,246
3366,191
612,1721
4545,1071
1653,2795
571,1728
3748,2942
901,2682
2309,2705
3747,3837
1289,3112
4087,227
3096,4515
1630,3362
3458,2907
3971,3187
3661,3616
1291,3707
397,2651
2532,4013
2129,1549
1178,1188
4038,3370
1711,1304
3988,4912
2489,1331
1169,5084
4709,3568
4057,504
3316,2207
183,672
3268,1196
4207,2650
2827,3208
4066,5137
2286,1647
5131,413
2349,3566
2822,2566
3928,207
2541,149
2598,4690
4147,3189
1040,2362
3802,2187
4867,3126
1882,3392
4526,228
4866,1048
645,3113
4039,290
1443,2242
2739,4740
3430,4291
761,2956
947,1967
3997,300
4791,4920
625,4835
395,4271
2499,900
3962,3403
3383,1384
2555,1050
4600,777
3189,123
5003,1865
4057,3484
3308,4185
4099,3821
165,2372
1415,4638
1821,3631
1102,1441
3851,117
3017,4432
523,4289
2683,1345
103,1517
699,2857
3765,3585
448,4798
4949,4101
3800,4750
3467,2078
2524,337
2897,4234
4535,559
3087,1021
131,1463
2520,4784
213,2069
3356,2467
3898,2283
3797,1307
1614,912
2927,1038
833,549
4940,1988
1291,4383
1305,4680
1383,4515
858,327
4845,4183
3070,314
656,1976
3329,3651
2576,875
2593,1489
3105,4968
1510,4988
808,4405
2376,4068
2253,5032
1130,723
595,287
4850,4611
1440,3436
5015,512
324,2848
662,4328
79,2823
83,2245
2867,4717
3468,984
2733,3818
5130,3659
1641,960
848,1313
3142,418
3806,3390
1731,1838
1360,184
1153,3394
1842,4408
363,2079
5115,1616
4562,198
2386,1814
697,2190
3478,4259
911,4276
3612,1642
3399,4531
4409,3302
2874,470
2264,4653
2317,4854
78,741
3372,4560
3163,1889
2045,510
1623,1959
1613,2870
510,1521
4206,4785
4636,991
2097,4032
5041,1317
2391,3708
1498,557
1776,4598
1218,5128
2321,2038
1344,4528
236,2977
4758,3319
2127,4181
1186,3173
3752,1632
3062,3536
373,17
3232,939
2474,1609
1407,917
611,2713
3995,1935
2352,3186
1674,1496
1297,710
4567,4791
2333,1165
4710,2011
1659,2644
4546,3830
3549,4864
2695,2067
2633,1555
3543,4857
4497,1659
243,4481
2581,1527
3215,1980
2800,1727
1681,1049
3047,5110
797,3865
2503,79
4560,3897
2274,2047
3716,3336
445,1777
1124,1752
4128,510
3153,3732
1655,4332
2422,3791
1781,4318
1307,2532
5171,4664
1631,3838
2056,3721
3384,2926
2015,2911
186,4259
3966,2829
4049,880
2159,4648
4040,4533
4343,2155
1004,3962
5127,2089
2956,2320
3796,4131
4843,3045
4171,2977
3293,3619
1064,1477
5120,474
212,4189
1133,2811
4669,2478
4199,1356
580,3691
494,813
887,2820
4069,4869
4080,1369
2596,3628
4432,3611
2514,3417
165,2348
734,433
373,1705
1518,978
3257,970
4361,84
2785,4108
1200,2653
4620,2377
3782,194
2547,2753
4454,3768
5156,231
3494,4244
4524,4735
35,3365
4878,2038
60,267
5112,3874
1821,2102
4251,1689
1057,2642
4531,362
3958,4016
1435,1793
3300,3450
56,774
4775,28
3818,3164
2589,1119
2289,3920
2973,4453
957,3695
1594,2148
4210,5151
3344,5185
3940,2298
2061,2429
769,100
3835,203
4354,2289
1858,3328
2195,5186
2548,4305
3834,780
3742,5108
1575,2537
2993,2310
1306,86
4467,4924
1164,2099
3313,2616
960,2989
2305,2368
3492,2172
3946,3364
1534,96
2746,4836
2780,3602
5185,946
1229,1886
4516,510
1333,4623
1734,4886
4745,161
3599,3445
1181,2420
4789,4552
3004,2665
4650,3437
2514,2067
2845,3366
2083,5157
3347,2851
3984,3339
3607,870
4451,2716
1730,227
4177,3757
2988,3281
2086,3624
4645,1138
362,2979
4648,3262
1903,1445
3867,2615
1459,2850
2454,2798
2725,4709
542,588
1799,4334
239,2913
2442,1975
2893,3614
1938,2139
60,3576
24,2435
4256,4950
3436,3712
367,3819
4212,4364
2020,4916
4112,953
5044,3091
4072,2035
2256,4987
814,1873
2654,70
1876,4257
3863,4310
3727,1081
4268,4758
1591,782
3483,868
3799,1605
3661,1290
432,4163
2007,4
2910,2108
377,4404
4327,959
4833,4485
881,4156
5090,652
1820,2951
3316,1413
2116,3897
2504,906
370,1438
1584,1762
1635,3883
2119,1959
2561,2612
129,3054
4295,4532
3737,4976
1124,2194
2637,3870
3250,1348
1435,4959
4192,4785
1579,4233
3859,1161
1325,3934
100,2184
4432,3063
4208,4334
3306,24
4985,1188
372,3337
3988,6
3168,1800
1506,1784
4971,5049
4437,3962
1026,1153
3527,3748
2251,2618
243,2345
374,2766
4959,2614
4161,3547
2512,3610
4306,3198
3470,7
801,754
4635,4306
2792,2959
4471,1181
3983,4607
4935,3280
2028,2877
1443,4658
2785,4549
945,485
848,602
4280,674
319,2401
1466,4533
4997,4394
4669,4298
3178,4673
2515,5056
2093,4601
5088,1863
1598,3729
3094,3944
3721,4552
1356,3109
2218,288
759,1641
4496,516
3387,209
4369,4539
1340,2911
877,209
4277,4260
81,1472
3613,2285
2246,1305
4124,2077
4580,4359
4023,1626
4594,2438
4274,4539
3670,3053
1802,4163
3627,3332
3003,769
1438,2636
1166,648
2035,3903
4728,4257
1080,4125
4545,1949
1896,3798
2191,1433
631,2616
3049,3434
2356,4443
3159,108
2978,4365
437,1114
2820,1196
3963,4632
2202,4599
1492,2079
2437,2262
2321,481
1988,3211
2360,2022
2208,3217
337,4380
73,3371
740,1663
2398,4460
3401,1288
4460,3845
3248,3772
739,4271
4669,3891
3415,4952
416,3564
2360,5005
412,4798
4267,3617
178,988
2862,1700
2156,2319
2469,2725
2680,4966
2050,266
785,2793
4239,1526
707,2355
1365,1171
4850,3497
3165,2026
823,2825
2225,4045
5146,4169
4856,4765
644,4161
89,891
5146,4469
2291,4407
3695,4179
4754,2144
3193,1442
2656,570
2395,804
2852,680
1407,1152
387,3473
1682,1503
205,2065
2099,4551
4657,374
2316,5045
2914,3711
3678,4970
3792,2078
2113,502
2136,5026
165,409
434,1737
1968,3026
1228,3732
1028,1209
5104,4300
5043,783
1198,1749
3982,682
3313,678
3406,3397
4966,2518
3588,107
4822,3985
974,968
1227,4881
4575,661
2582,2306
4907,3568
1492,2601
3767,3027
1154,5196
1661,3633
1664,687
3423,2165
184,1836
3782,3665
5074,4479
2238,1693
4859,5014
2765,2225
1676,4560
293,79
4051,1439
4983,2961
2363,2498
4435,2234
3880,2125
1384,4530
4079,1147
3869,4830
1076,963
2698,2401
3796,2870
640,1140
3751,3708
4134,2451
1506,1028
193,3275
1146,1202
2737,2981
4327,4686
1345,1484
1365,3942
2482,4778
1350,2644
2662,3296
2037,4971
484,1926
2199,1486
2170,1776
2130,2488
89,2360
750,2733
3185,770
155,539
1537,4975
2313,861
4211,2328
1873,2605
4491,493
5184,1028
2295,3830
3577,3809
54,4196
1316,93
3198,1702
19,1354
1007,3626
3781,803
4820,1890
208,4666
2704,2764
2233,533
2144,3654
2326,479
1416,1322
4926,3778
1884,1971
1193,1175
1866,3455
102,54
1628,3509
2156,5060
907,2274
5026,4689
91,4871
1841,3202
4679,2037
1447,1122
2918,3169
5125,171
1097,4381
1880,1858
4236,3534
2792,4849
1249,2931
3899,1226
4814,880
3599,1333
1028,4086
1716,1038
3911,1182
2376,1742
3333,2026
551,4337
335,917
3919,1956
3881,4165
662,1265
1241,1790
5011,3847
797,980
1801,3330
3467,4412
2941,1696
2919,4754
3794,51
255,1913
1335,2621
1546,1858
5163,694
5083,4873
1677,4778
5070,1045
4151,2481
407,1325
1381,3335
4966,3541
1611,4681
1909,2159
4248,1526
3409,4540
3218,3783
4159,3022
1565,4356
2993,2761
4593,731
2410,2708
4199,4034
3339,781
312,4541
1312,3296
373,2703
833,2738
2073,3788
4044,933
2968,4916
4243,4947
948,2586
2504,5067
4142,3666
4131,3729
2257,3776
1175,3182
2109,4740
1205,2000
4620,4074
4602,5176
2158,729
679,4833
1258,412
1901,4474
5042,3438
2987,2961
594,1329
1486,2504
101,3540
2424,4609
4280,3813
2082,4267
986,1807
523,2996
2668,4888
3211,5064
2408,89
3966,1378
3249,3117
4044,4673
4042,1224
4682,4815
3211,3736
4810,2173
3532,4725
2801,3080
2416,2961
1546,1657
770,295
1401,4692
5103,3026
75,1264
1966,7
3123,1409
4009,1296
4090,2205
3715,4449
2320,3570
3878,2717
4356,1198
915,4702
4689,3461
3216,3973
2430,1015
664,3672
1291,2025
150,4071
3644,2920
1243,4397
4738,4695
5000,3631
5192,5162
1588,1174
2392,2792
2965,1056
2463,1993
755,3432
3734,1244
3708,3643
1322,3375
2783,4973
310,3740
2642,4885
3863,4811
301,3449
1971,4233
1339,2072
1964,2353
1178,2866
3704,3027
2677,4383
4729,1990
416,1381
1822,4893
3399,5029
4192,2684
1725,2221
513,80
3574,4690
2413,209
3190,1185
2522,474
1039,5079
1226,3178
3751,306
106,3577
4352,4112
1617,3669
3258,1325
3084,4524
5046,2197
431,3118
790,1515
4468,4826
2018,4646
3882,1609
3396,2374
3962,291
830,3084
3876,2693
3923,991
2220,3128
721,1234
2288,5054
198,729
262,3036
3504,1251
4173,1039
2441,351
469,291
1858,4862
1188,607
284,153
970,3680
4988,5180
1538,4579
2469,4186
1758,1843
4049,2938
1539,478
111,4164
1779,5035
4690,261
4914,3040
1981,4356
2538,4925
5074,2610
4124,383
1827,615
309,4110
3866,1207
3441,3781
3886,515
4293,1840
127,1701
171,4882
1107,1225
4158,4720
3274,67
1243,4848
4835,4671
2912,200
4262,2449
3827,3942
3454,3543
3809,3060
3901,1475
3881,3587
4971,1771
2403,3653
2298,4780
2792,4649
279,4395
1146,2020
3912,2127
3625,862
3309,3456
4924,3728
815,502
1679,2209
5156,173
2654,4679
2021,1105
810,3493
512,4131
2950,4305
4829,527
3139,2602
4383,4441
2845,3400
1987,4781
4093,2989
1286,2191
4329,3194
3557,3435
4363,3812
3409,4387
2871,2156
4989,1848
1323,2945
4628,4023
4571,92
511,1277
2679,3314
4366,514
270,2190
2128,3352
447,5080
4469,3562
43,1023
3799,1925
5012,123
5115,2339
2583,1953
3360,2266
2881,1228
2837,3950
4537,1448
2628,3173
1000,1039
4007,1949
4888,3222
2390,123
4020,742
3546,4099
3720,1625
2821,3919
4438,217
250,2755
3666,2285
2622,5012
1565,1977
139,3820
2206,4375
327,1879
3642,2462
5086,2447
665,4736
492,1487
822,4007
339,3544
2221,2674
1401,4098
490,1225
884,2425
4081,3746
851,4896
2297,1621
2597,700
876,29
3801,1032
1543,1108
3004,2041
4450,2784
1512,1081
1857,2997
1030,3822
1394,3786
4863,1433
3644,2620
2109,697
3575,3478
2506,1901
4893,1080
1263,1074
1016,288
4124,1828
3459,2505
4562,3187
1685,1513
3334,4613
1301,222
3703,171
2970,4193
4544,2332
2435,2149
1400,3947
2699,829
2028,3181
1541,4190
2833,1503
1257,3521
110,3218
2668,4862
1054,3255
3938,3011
1795,2769
128,166
1885,155
2348,1142
1260,1723
3967,872
2675,5087
3005,2809
2302,2294
3072,3296
3857,4961
2461,3817
1627,730
5026,1694
1010,4184
1252,359
1211,698
5141,4533
4159,2897
1637,3793
1743,4652
2945,4327
3049,2012
1773,2196
1260,4817
1973,2631
2674,4644
3247,3989
1730,4456
267,3625
1929,2762
2856,4023
4022,2877
947,72
4143,2929
772,3029
3569,1463
4742,3734
3446,3343
3500,1241
492,3811
3813,1310
4114,2381
5122,4771
2245,4059
505,2974
1253,3340
362,3726
2205,482
1179,2559
4538,3433
395,4720
3377,2011
4440,566
1539,2229
1648,3895
3897,3034
3506,5186
4025,2112
131,2383
1959,1940
2005,811
4253,3801
2997,3772
4163,3976
1592,5167
2349,1582
4698,3987
2127,2160
5131,4540
2181,3770
926,1542
3258,4176
1604,2674
315,2111
544,4978
3877,1479
637,1623
4653,1428
250,2941
1179,962
3815,3935
795,5038
5149,710
126,2026
5195,2253
2145,2747
3278,186
3622,2610
3339,2398
3530,2150
1782,2616
1714,3581
1222,357
1686,557
1147,4733
3659,3297
4564,1431
3012,68
1599,840
4868,2832
4785,2166
4980,3757
1181,1616
603,4390
360,506
3610,1284
585,794
2271,2796
3934,75
1809,3742
1735,24
201,145
1756,3557
3887,709
2096,318
4471,3162
3015,409
2627,3853
3707,276
2366,2173
2341,516
3077,3065
55,3261
2086,2088
4657,330
2312,1371
1217,653
5182,1891
2064,3659
4290,1728
3466,2468
4116,4766
1124,3206
3704,5087
52,1916
455,2538
1925,383
3342,2548
1650,1511
750,897
3023,3729
819,3682
407,4737
859,908
4870,4310
2168,4048
5185,795
1099,2165
855,152
2556,2274
2856,642
3772,798
5156,286
5004,4933
5027,319
62,1904
1477,2950
442,461
4684,401
3602,4562
2432,4418
1025,4625
717,3424
1626,3900
5096,545
3139,786
1897,3498
26,4905
1773,4225
4621,5085
3504,3001
568,1134
58,1100
3089,3384
391,1246
2330,3479
2479,1128
3806,3862
1372,3138
3577,3545
3770,1660
2054,1168
903,4449
2741,4052
3959,5051
2074,2638
3707,2949
4811,4143
1117,912
4529,4992
4573,559
2935,110
4535,22
4828,2019
151,4427
2745,2121
2688,2945
403,2447
3122,2659
3486,858
3621,172
1918,1420
4073,1263
4741,1641
4155,4778
4541,1019
966,4821
3275,796
1681,2439
3103,531
4767,2636
4180,3209
4186,1050
5159,2196
757,3620
2226,3958
1610,4393
2427,212
4647,1680
4223,1440
3279,4571
13,2508
1187,2207
486,4710
1915,2801
3467,151
359,914
4427,282
2251,4403
2739,3632
80,4607
540,4941
4104,3444
4241,3915
236,465
1244,4051
1689,576
3422,2204
3195,740
101,3175
1403,1342
5113,1722
5179,4559
1210,326
3346,2211
2945,392
4618,2447
1987,3791
1981,3826
784,2557
2684,1939
3846,448
1851,842
3832,1504
4607,680
3797,311
1782,4992
3272,803
3238,2745
1962,4177
3041,2117
4187,3809
781,4982
2985,4909
328,4888
1374,4847
1164,469
610,4621
1923,349
2280,971
2309,475
3624,5050
1463,685
1717,2242
278,3591
4453,3456
2583,1502
251,4219
3962,5162
932,2790
4283,241
3106,1356
344,4560
1612,3229
5137,3927
1584,1863
3877,543
3530,2208
2924,1125
956,3470
1663,3231
4893,2163
4961,3095
1264,4829
1549,1303
4371,844
41,4904
1131,999
2192,2316
3576,2361
4094,2752
2802,2577
4005,1079
1550,3913
676,1154
303,778
1920,5020
3889,553
2981,1410
4350,2120
4555,26
360,2020
494,4539
1808,3562
1802,3533
3589,3085
1603,5134
2322,4090
5089,480
3127,3211
1354,3888
2156,2096
1055,2210
595,165
4243,4717
3231,2856
2835,4618
2855,3119
609,3963
4012,535
2292,2104
3820,1702
438,4228
3806,948
1146,2878
5008,1020
80,3063
2558,2842
1158,2292
4909,1321
1694,20
4684,3069
1915,2807
4789,182
3489,2178
602,446
3206,2871
632,3716
3226,3612
4377,2317
2573,25
2779,2909
2622,2161
3129,3154
2341,3606
5037,3972
3477,2547
107,3623
504,1681
4933,3650
5113,3036
1841,1691
5145,631
268,3224
2886,3403
765,2126
73,3086
2954,1956
4570,1837
1375,1525
4862,2135
3301,1960
2342,2313
1200,3891
1724,473
518,4158
3056,1034
5062,2548
631,423
513,2428
1215,767
3265,1697
1661,1589
1301,162
814,3247
1792,1853
3798,3524
3236,484
3738,418
1684,4130
4436,4370
2926,1388
3133,1013
1950,283
2715,3152
2788,611
1609,1446
3400,4060
919,1675
4414,2287
4144,2361
2023,1472
1323,1574
653,3854
504,3787
367,4005
1017,1802
777,2775
3227,1159
997,3160
5157,1808
4102,120
3386,2844
4693,2418
5123,3511
3818,21
3339,2770
2461,1547
4819,4442
4176,1006
1187,5135
1588,609
5009,2125
969,1630
4195,5086
5017,2715
1663,1762
3226,1629
563,1538
335,1419
2331,1314
2180,5115
3430,4417
2151,3315
2289,3145
2485,4182
3863,407
5100,323
1558,2237
1372,1633
4078,3928
5126,3227
909,1395
1229,2508
4241,3070
478,1127
1810,2138
752,1125
27,3700
392,1183
3819,3643
215,156
2879,420
3230,5075
2908,2501
3982,2991
3245,546
4356,4237
4980,2136
4746,1717
63,759
4370,4463
3556,171
2248,3129
4215,2480
2362,1112
3785,4757
3469,3953
4765,470
2638,3000
77,4577
4014,1779
4796,5159
588,1888
3741,1148
4171,2463
2025,5140
1905,283
1944,2758
3899,1815
4768,743
492,1719
3792,3615
5106,2100
3692,1661
1138,824
4107,2218
2319,4852
4885,4095
2198,1755
762,1763
1883,4729
4204,1318
4552,3977
859,3231
4572,3961
2791,89
4199,3229
99,472
4489,2549
886,5040
820,205
3371,440
2897,2530
1818,2949
1462,1026
1355,4912
3020,3611
2317,3100
968,4216
232,4566
3217,3297
3372,3721
3298,1812
1739,5099
2903,1435
4934,3056
3630,483
43,5
577,4315
3022,3786
4453,4325
2169,1957
3244,496
2825,4887
515,3571
1417,2097
4219,2404
2555,1086
5154,2504
3550,3445
2254,3574
2910,2807
3506,3085
141,1774
855,4319
805,2448
3933,1406
3821,4931
3418,1325
82,3672
4054,1515
4614,2341
1610,2678
2561,2389
3529,3797
4272,1803
254,2300
2881,2863
2035,3760
1764,1037
931,1184
2313,4807
4841,3275
13,3303
4533,4968
5080,1986
778,1710
4217,74
1323,672
3685,3119
4264,2496
1268,4917
4879,3788
1038,2965
2517,3723
0,2332
3470,3402
1798,3351
600,3328
3574,525
5123,1680
1348,2581
1125,421
1947,4805
4722,73
2025,4564
425,4443
4877,599
1137,4508
2449,4093
362,2048
970,4883
4419,1576
4028,5019
4751,4962
746,1936
3762,1562
340,4739
564,544
1945,1223
4268,1571
4177,2743
645,629
711,688
4351,3171
3421,433
106,3112
754,4807
1627,652
937,1030
3282,1249
4509,648
4082,3108
2697,4613
4150,4059
2952,1362
2209,4383
529,97
4593,1715
2479,2785
3600,666
3134,3423
4935,3086
4094,4108
1110,1406
2555,803
1289,2840
4014,3191
4748,1355
1397,913
2454,864
2605,896
1825,2798
702,1291
2885,1723
4733,1931
5196,766
681,1907
2444,860
3781,4945
1769,2692
2737,697
3905,5121
2442,2797
4294,4225
2155,4232
4818,2927
4723,3920
4550,4043
2982,4332
4810,1116
3839,1955
4455,2508
1832,3532
40,3000
4190,2306
4091,2059
2146,1224
4667,3708
2649,4033
1947,2195
696,3044
5050,5022
1311,147
2864,867
2174,3956
4483,1517
4416,3449
4599,2851
1703,1714
5132,2927
2900,4785
3531,1155
4466,3401
5039,4178
4409,3711
2197,1093
3948,3994
524,1871
657,1917
1647,375
2497,4365
1317,3326
791,43
5005,4921
136,3854
2258,2570
3853,835
3462,328
411,5083
3237,4786
419,492
3738,2706
972,4791
2349,3070
3920,328
3386,3453
2814,3199
746,2186
968,3116
2512,618
3317,2262
2941,4076
5066,1548
1935,1876
486,553
4952,4452
2880,387
4058,376
2964,2924
5103,4871
3247,1485
2494,4540
4449,3065
3096,2924
2770,241
3271,3455
297,236
1347,2654
3199,2881
3703,2056
4331,3957
5144,2905
3668,1309
3502,435
4640,863
4898,1910
860,1045
228,4437
4946,4467
1079,3272
2595,1733
355,2611
2403,3596
4910,185
91,870
2110,232
497,4299
2299,3114
2638,4509
4970,4453
4147,3637
902,428
2727,1112
2540,2983
300,3553
1866,3590
2781,4696
846,2565
1152,3726
3328,2044
1908,5079
2117,4622
4793,2507
1310,4815
2834,1768
4714,4367
16,3410
1911,2367
3409,2427
2057,2375
1929,583
1100,918
1728,2608
1948,2899
1782,2830
2893,3842
4951,5113
3002,875
2681,975
3483,916
1899,4490
4249,1977
1560,4017
3845,3691
5154,676
76,2762
3259,1068
3627,4483
975,2608
827,4952
3349,3228
1548,747
2928,3194
645,1336
1660,805
2327,3306
2863,1759
2042,3366
3846,2736
68,3844
5039,4303
2778,2293
4571,5130
1296,1799
1762,3766
1052,3800
4380,1953
2673,3385
2649,1470
1157,1787
1602,216
715,3806
2637,5004
2744,158
2077,1326
4545,20
4584,1587
3226,1084
999,2387
2471,2951
105,4526
4473,4568
4356,4489
2432,5169
267,866
179,4199
611,2490
964,1435
732,4043
5008,3631
4980,4512
1094,1384
2808,388
2143,1565
1026,1189
4604,3114
3314,4198
3905,2366
2273,2418
1446,5123
2628,786
1886,4037
5115,1065
2383,4745
4373,3443
3961,4896
1126,3296
4368,3323
2050,137
701,2453
2336,317
231,3767
3773,99
385,254
3364,1884
3929,5001
264,1456
2907,3370
1024,3653
163,1860
2996,529
1686,4656
3713,3312
1885,1332
2307,889
259,2820
1378,1200
164,3976
4462,2279
5140,945
2181,4124
1023,1081
3155,3628
694,731
4837,2116
3331,281
3923,1974
3120,4148
670,215
1241,4400
652,831
4336,3348
5019,1555
4300,1321
4810,1065
427,2189
3765,627
4334,3202
3722,4909
2803,3613
43,4575
1798,2615
711,1458
563,2863
674,4408
786,870
4896,2939
2,2012
3340,4526
1600,4335
4990,1642
764,1166
3144,149
1795,4953
4990,4052
2010,1207
4227,4348
1254,1248
2502,4072
3718,1164
4922,4423
2050,1673
981,2135
175,357
1535,4846
3764,1668
3642,4364
4206,344
4350,3153
2361,695
4165,2126
3293,4945
493,1033
3061,677
4452,4082
2748,2586
889,3467
2880,1831
1548,3241
4806,2516
1137,4205
2609,801
131,3830
5024,1144
3187,3349
1713,2685
3811,4662
2445,3663
75,4449
3089,896
68,2268
3543,4090
330,266
3317,4493
870,3303
1572,1824
4889,3428
547,964
3527,163
960,2391
1032,1111
3011,4270
2822,738
3173,4434
3068,1044
3463,3098
5043,2460
82,1804
2424,2833
1553,2434
3843,1828
3198,935
47,1034
3773,4226
1795,4289
4396,2432
2123,4476
1074,1866
1195,2555
4815,1428
5083,1285
3174,3819
4670,2809
3837,4846
3390,4461
1397,1195
2467,4001
4437,5029
924,143
5051,1610
458,3804
1537,2467
4602,1944
5017,4702
3722,1469
2680,2303
1449,87
5133,3464
3763,5021
3394,1374
2258,1123
1671,1482
2856,878
312,921
341,2437
1498,493
1719,645
3462,4766
1416,1795
4335,2059
677,1000
5059,3211
686,4162
744,969
425,1850
860,2302
3135,3986
5177,1141
1015,433
4801,4986
1459,825
701,5080
4461,626
954,4327
351,523
936,2848
2741,4712
2567,4921
355,895
2991,1980
709,5054
681,436
796,2236
2901,3184
4875,4401
4611,1737
2322,4605
46,2281
1135,2958
1078,2255
4809,523
2451,1732
4295,801
3941,4856
3499,4521
940,667
1646,4530
3758,4241
2722,4518
4769,3925
4471,1699
2885,529
1838,1447
928,4830
4307,2751
1447,4216
4510,305
3295,1693
1903,2498
3969,3696
4000,1536
4990,433
1128,1797
703,2900
2231,653
3392,2853
869,1822
3541,444
2053,4409
1059,2555
4973,3493
4712,3165
3228,3924
3675,65
2185,1065
299,376
1667,2998
4203,1479
3979,38
1494,4496
2666,179
1770,4333
132,2135
1693,540
316,3246
2,3983
3038,4378
1093,494
1583,2022
1228,669
1681,5074
2127,3127
2744,2129
5016,3712
1539,49
3772,2036
2416,318
1183,508
4550,1995
2047,3616
97,1354
3247,1880
3339,2170
1895,2586
1342,3753
2238,177
5047,3988
2791,699
169,1066
4377,3726
3949,4406
2438,4155
71,1330
3816,2775
959,4347
766,2420
4037,3594
1574,2418
1987,267
1287,341
370,2489
5015,5058
3288,1661
4082,3646
4893,1353
1720,1208
1323,4510
2766,1210
2922,1644
4522,1247
4335,4305
3201,5085
2803,3293
1407,2319
1080,4985
336,5144
4296,2250
4457,1333
1684,3656
4287,1790
1451,586
4505,4775
128,1763
2471,3765
386,1920
1222,1257
2947,4049
3870,456
781,2635
884,3293
656,4605
1214,3177
27,160
4998,814
3830,243
4650,373
2692,3622
3817,96
399,1253
1980,5167
4614,2548
3827,3282
4701,4757
2874,4638
1945,2657
1612,4768
5054,1735
4146,2790
177,4504
1436,1601
1018,3794
2497,4918
3692,701
3824,3200
1074,53
2439,2644
2024,2638
3866,771
2365,4754
2736,4910
4590,1778
1174,263
782,3578
319,3334
1877,5148
4660,2271
391,1848
3108,4585
3536,329
3306,1572
2452,359
2598,2823
1762,672
3256,782
251,1422
4975,383
782,1891
5103,2655
4839,2939
3199,4731
654,2191
4854,4722
4692,3917
564,4176
3787,1713
3324,1900
3893,5146
1501,4521
835,2986
2292,2734
1836,1566
1242,5025
3452,1791
4315,3258
1794,1971
2236,4040
2114,2075
2557,1629
4845,323
4027,549
3649,2872
1092,2
5156,207
1048,158
3947,2078
3404,2149
4386,40
1993,4971
1316,5008
4358,341
2961,3525
506,2666
1650,4238
5100,3275
178,3692
784,3705
3199,2055
459,3613
160,200
1894,5040
4569,2146
4646,564
332,2374
1938,615
1088,4746
2473,847
1174,2639
4778,370
2052,2285
1426,4956
2757,323
2062,585
10,281
306,145
5085,3898
2771,4389
2850,4164
3,1721
1618,132
2695,1598
3107,617
5166,2897
4666,384
4739,4383
2246,1833
3045,1637
4760,2972
1719,2911
3058,912
2882,3910
583,3950
3082,3240
2157,614
2160,3511
5,3926
436,342
3521,2623
4998,2223
389,2592
232,85
1610,4475
4743,492
1821,394
338,4824
4143,2890
2492,2537
297,441
3633,2668
2748,5019
4916,3376
4633,2855
659,4212
1269,64
603,1015
3226,2341
3868,290
3031,3963
466,1042
961,2848
3362,422
4993,1419
605,3190
2018,2756
4330,3582
1566,1133
1929,3981
2486,3063
3867,4351
391,933
3748,741
4262,4724
92,307
1445,2533
3988,4858
781,4653
4205,4867
1704,531
3561,2958
3198,1203
4154,1398
2151,3929
4972,4170
1097,708
2609,3140
4369,1176
305,1935
1113,4088
3001,1074
3048,714
4345,3250
4211,2212
4810,622
2906,1717
2335,384
3196,4421
4961,2216
2541,5132
2743,2053
838,3841
3362,3195
5086,1232
1510,450
657,5182
1396,1248
935,4498
4023,3483
316,469
998,4697
2281,827
4518,4870
4054,3201
2597,3810
1300,3133
2862,2230
477,445
288,5074
2487,707
3475,4715
3052,4513
3606,1408
86,1655
2540,4887
573,762
950,1857
1062,4417
3797,4353
5084,4599
688,2580
4514,1226
3005,1887
1729,5158
3254,1477
2925,4885
145,1213
2338,840
4011,4732
141,3982
4113,2482
3871,4128
1557,2296
4322,1591
3713,4085
943,3327
1190,15
3903,1380
1183,3801
4956,3470
2810,3862
4210,3778
1264,3564
1860,4184
2469,2824
4675,2710
2069,3855
2197,1759
3385,2802
5082,5100
2370,5007
3804,4479
2863,4332
1056,3247
4325,5038
1697,2933
1251,3653
5024,794
1639,3677
5001,2549
2659,3501
3721,2567
4417,4867
4331,3356
4229,847
2282,3655
4292,3942
2695,2401
5046,1798
19,2552
2034,1362
2867,4642
2982,3237
2807,1893
653,744
11,4881
855,4203
566,4543
4683,5138
2344,585
4703,2183
515,2321
503,81
1154,3164
1991,4312
4354,2720
4377,4987
3886,688
2064,1763
4232,3996
721,1433
1144,1693
3442,156
3676,1528
4686,5054
3512,1901
589,3274
4664,2684
1795,2564
1339,4876
3686,3724
2415,3220
3076,4852
1024,1050
934,4801
3206,4979
1907,2032
4928,3363
323,104
3195,409
3141,149
367,2695
61,1720
208,4465
473,890
505,3106
4062,510
960,4150
4385,1046
1305,2453
4788,2029
4784,2895
2466,4916
946,1374
2750,1197
3371,2812
2195,3901
4515,246
2691,4882
3033,4379
4487,3525
516,4119
4489,4459
5060,1490
2993,4372
3786,3181
3040,2667
3477,3985
4188,4572
3095,4497
4208,1577
2050,2825
3328,2071
1801,4551
149,2047
1488,3482
590,3395
2003,2744
3674,4738
1100,3589
4819,5188
3218,737
3562,360
4880,819
3064,1835
331,1411
4067,3433
4473,3124
5142,4568
2324,4100
617,4634
3438,4260
3008,3758
879,4987
3405,969
905,2156
2794,270
3210,2745
4465,415
615,405
2594,3794
1324,1020
618,2950
1992,4824
2187,980
2970,3356
478,4113
4010,3111
853,1168
1793,2106
1530,5121
956,2921
594,2357
3548,2885
3979,4407
4980,3896
615,3171
1048,3577
2842,616
3892,4673
3179,735
2614,4320
2517,2706
3229,3304
3969,1822
1230,1806
2304,4821
2575,2271
3489,1440
672,139
765,4332
4851,783
197,2695
1950,4426
3177,3518
4783,1527
1522,3583
4469,170
2974,4072
1054,4251
3693,792
3541,69
3336,1119
3321,802
4845,1050
5169,5059
4468,2544
2651,4119
3248,1224
4679,4586
1562,5098
1503,842
3470,1646
2835,3321
3111,1255
5021,751
3917,4337
40,1588
3201,1754
857,2511
798,2962
1449,4060
2896,3391
1404,186
2878,3519
3915,478
3541,1455
4056,3734
1317,4147
3748,2609
672,5004
753,1014
767,1824
2960,2546
3491,764
4483,3902
421,1519
3496,1372
3555,739
4611,1452
4619,2616
1134,3548
3582,5041
1959,4656
2816,2231
4662,4575
5174,1849
1879,2773
711,2338
1723,3881
3393,704
482,11
5150,2967
3665,568
663,2041
2979,1592
929,1335
902,1117
2072,4477
5154,3208
4537,2936
358,2731
4553,3465
664,2299
1757,4299
1541,4141
2992,2099
2969,1776
2254,2375
3145,3797
3567,2279
28,1382
1423,3031
4802,3242
3108,4133
647,4979
4137,4849
2844,3398
4478,916
182,3121
1844,3812
1439,1574
4182,2773
3095,681
4932,1361
2624,4256
3985,4143
2116,594
3275,2843
3970,1867
3578,1749
3495,328
510,4670
1639,3927
5117,3752
1271,4307
4224,4756
3500,2779
5172,3325
1385,902
4783,4208
2757,1355
3561,4102
2084,4767
1412,4516
1787,4598
1009,4677
4317,1215
4843,2632
4286,4517
4781,2945
2507,3121
1834,524
2208,3246
897,816
4844,2488
1199,2648
3746,3810
3370,2093
4460,429
426,551
3836,4906
3630,3012
999,1734
3802,1724
1641,2498
1576,5177
2668,2762
4464,4266
3499,2769
2908,4206
4544,4328
1068,4789
2941,391
3606,1867
3283,3300
4405,831
501,4689
3390,3207
724,4278
3592,904
5066,3156
809,4107
5026,1148
1198,3506
2763,410
3325,2160
712,2188
1335,1186
1780,786
303,2662
2567,3004
248,3615
4408,1605
4181,1331
1110,3303
19,1264
3755,5000
3579,4512
4453,1146
1366,2682
2409,4227
1780,4277
4163,3887
5021,570
2965,965
1233,4140
3823,3707
2523,3170
2721,385
3496,1127
2809,4850
1707,3981
2099,76
3045,1041
466,4539
2486,2356
1999,3417
3836,235
4403,1315
2477,311
1256,446
3421,2018
132,693
2744,2376
490,4551
784,5133
1077,4488
2005,3610
706,4179
4077,2735
952,2462
4504,3766
749,2097
1039,5091
3425,4246
3416,3684
2408,2963
4739,1908
2451,2991
652,1506
4210,3145
3372,1323
1866,1132
2751,1439
988,11
4469,1660
1759,1230
2024,4748
1321,458
622,55
400,463
2083,948
1898,1999
1653,107
1105,1504
2085,5119
4609,3950
5123,1851
2219,5005
3417,2414
1537,1740
354,754
4904,3193
3154,2654
553,3033
310,3713
1711,79
1628,4315
1919,64
2857,36
3878,3387
2255,1116
5020,3499
1266,234
53,211
1101,2850
1697,2146
2510,224
2421,4864
904,869
2094,130
3702,1151
4949,4665
270,2681
2304,1153
4530,4871
485,4903
2230,876
2953,2399
1825,4686
3316,1720
1576,1075
680,3446
1927,2837
922,2003
3741,543
1970,3543
4281,1584
1553,1381
638,4372
2347,4779
4321,1448
4838,1945
3965,4038
4883,4370
3293,1093
4486,1891
3268,3893
1474,2354
3496,3348
2536,3580
4048,2112
4935,429
2840,2655
1239,592
3450,1635
4870,2661
563,3409
679,3006
4632,1940
3732,4728
4899,3363
868,4259
4246,23
1506,1849
5023,4234
2556,873
3150,2196
3591,2405
523,4690
1727,330
2598,5191
1193,1450
1058,479
209,2510
4522,349
3142,2739
3203,3187
4187,4127
3020,1953
1703,5086
213,2151
4889,374
4203,417
4002,635
1405,29
2603,1928
2725,646
4078,3400
4203,2413
1497,2210
5079,202
3882,3518
3571,5050
708,4340
3764,4710
455,921
4119,4788
344,670
3312,2347
1728,3554
4594,4871
1987,409
353,2740
3871,2868
5172,2412
5190,1986
1355,2486
4036,3486
3902,2820
1269,4680
1125,2836
3911,4527
1527,3297
1561,4797
2483,1527
2858,4772
4005,2522
4996,4641
764,4564
3006,5071
1834,2571
3084,2794
2832,2453
13,1115
1803,5163
4054,4746
2410,2316
408,1712
2928,1398
887,626
2718,2050
1432,2507
2942,390
2681,3937
366,215
995,1246
3158,2237
4744,703
612,4344
827,3114
1489,3800
955,1923
1368,1108
2136,2431
4195,4939
3905,1973
204,683
1110,4170
4856,4184
4303,2047
3104,1210
5153,5030
3405,1354
1665,3273
3587,1317
423,587
248,3603
1470,2532
62,821
3684,4668
2331,3502
5050,506
1389,4253
4326,28
3503,1959
1945,2758
1360,1410
3312,2275
3186,520
2713,3331
3520,2256
1104,2504
7,5147
3479,3830
1265,279
550,244
2597,1307
1649,2106
1637,4160
1476,3871
3298,658
3926,884
4028,2636
3322,1788
3377,3712
4638,1452
3835,2939
3399,3066
1753,2102
1445,4868
1951,4201
4836,4825
1274,2605
2993,4444
1967,1813
615,5015
1672,4535
1810,4836
423,143
2013,3612
4354,1673
3560,1958
616,3565
3687,1613
4705,3866
5123,1149
4533,2659
3183,3096
2008,1865
2239,4376
1279,4568
4465,4898
4574,831
4723,1850
441,2581
5185,3320
850,279
2629,1133
1637,2703
3106,421
3285,2142
3044,3718
606,2526
3777,4838
4736,4093
4312,2977
365,2888
516,4555
2112,3743
1444,4458
3644,2293
3762,3101
3255,2174
468,4361
3534,1151
1046,2741
4179,3665
4940,1042
2848,1864
3102,1664
404,4257
2490,1117
581,5067
4554,2914
4440,1022
2300,977
705,4427
3508,5071
4621,4581
835,1527
1033,4933
566,1291
4952,1946
2743,4008
3068,2073
823,3431
4280,4153
3377,3073
4021,2613
4078,3837
1491,2131
3880,4130
1406,4486
4675,4859
4389,1045
2982,2981
4830,4050
3575,2896
4118,1222
2370,4559
569,1135
3739,4713
4590,3001
243,769
3130,2480
1144,2478
2204,3381
956,4638
2275,3361
2863,2887
4327,2350
1489,4724
3289,3630
775,963
4019,4761
1309,4849
425,2024
1313,2857
120,4438
1276,2624
1410,4925
736,2493
5080,916
4405,2151
2451,4654
2449,92
471,3149
3694,2949
58,3090
3044,326
1420,1349
1708,5100
2895,1366
118,4878
4504,4556
1709,43
180,1435
3924,1323
890,1923
391,17
1902,47
1047,3503
2117,2847
804,271
4641,2315
2624,2561
2209,2838
3155,102
4354,2103
3198,2821
3159,2321
1853,1841
3898,3259
3097,1617
4218,2362
2986,2001
720,540
5009,15
40,3684
3578,351
4593,3777
425,2318
1446,2096
3276,916
1222,1672
367,54
1304,2131
3361,3698
4293,4770
5129,4695
37,1110
921,89
1808,2409
3450,4015
1943,1294
1458,4792
4729,3752
3593,1718
1769,3664
3047,4537
630,3288
810,337
1803,1138
3035,1758
1184,4717
4733,750
1878,2433
1309,1912
2080,1084
4502,3526
1199,2283
2287,4584
4504,2597
1011,2588
4610,130
2593,4820
2858,440
1316,1821
128,3080
5016,2025
1074,1887
4364,4795
4733,222
1295,687
26,2790
1943,592
2386,2437
941,2596
4342,4086
2918,1137
4167,4239
2105,2504
1684,3103
1496,2009
2882,4117
522,3664
563,1186
1280,649
2790,2441
1049,3421
1115,1822
2373,4472
3565,1976
2045,1582
2486,3166
3352,2485
1485,4397
3138,2932
3576,684
2729,490
2689,4177
2106,2855
4077,1784
2612,189
3968,2165
3513,1721
1918,2905
2574,4198
816,219
4169,1786
2609,5143
2564,4641
2064,2846
3216,420
2879,987
1475,2259
2920,4472
3254,1406
3330,3637
2592,825
1350,2671
5077,2112
668,1784
4886,444
1913,1163
2225,2390
3966,2521
4868,1960
2762,1395
3540,3805
1673,4292
2810,1461
2083,4152
3507,1134
646,329
510,3395
4106,3967
4784,4246
5064,4380
3289,5117
4431,2564
1562,4948
4933,2644
4032,2750
5152,1117
1061,3059
3666,3508
2125,4548
3795,4846
166,2563
4416,1970
905,5079
3902,586
1969,4980
1539,1804
1157,3519
2897,1112
1298,3912
715,3478
576,2312
108,210
4486,2808
4918,511
2748,2290
2471,2996
4480,1714
3620,1807
135,905
1535,3309
1734,2226
1574,2443
4988,3293
4904,4527
3902,281
3024,2633
1698,2016
4944,3250
1016,2363
5092,2099
2976,2265
4360,979
1432,4580
4496,5166
3157,3774
4362,1053
160,3385
2533,1254
1498,5175
3834,1507
5165,1757
985,2196
1684,4150
468,2424
2765,891
1584,4416
1998,3329
1560,4783
705,3186
615,2811
228,4104
1505,175
1552,1557
5177,4014
3589,4562
3041,4093
3105,204
2358,3805
1344,4530
2464,135
2527,1175
4586,2542
2203,2069
1744,1166
87,4413
3906,2969
967,3922
45,1860
1684,4591
1728,2657
647,3263
4569,1350
792,289
193,1430
611,1788
1342,1900
2142,3863
2274,2903
913,999
3967,2543
4441,2062
2197,1449
699,1048
646,883
1725,3907
4819,5109
3094,4101
5196,1855
1084,3658
906,412
2766,22
3052,617
3113,1278
4979,4153
1482,4574
2394,4768
4506,4892
3246,3652
4724,833
3713,3327
211,354
2382,1942
2879,4333
2367,1897
3516,2649
3235,1022
3427,5001
2184,5090
1754,3753
2419,2363
2408,4252
173,5015
2777,1405
3568,4625
902,5182
363,756
742,504
1075,1729
4718,3551
2844,4561
157,4421
3295,4743
94,109
1288,1730
4715,2914
2498,3270
4536,4760
1976,2034
3036,4452
3938,2378
805,2331
1706,4126
3174,4706
2264,1176
4357,4922
1934,1599
1936,4358
1266,4460
4684,939
3003,4198
1890,2679
576,3386
632,4641
57,4362
1680,4494
644,3672
3428,1929
734,1960
3323,1666
3122,4339
3242,2770
2772,1960
813,3066
271,4768
2277,149
2281,3384
1627,1706
4279,3954
1211,4048
3579,683
3255,855
2941,4981
673,475
2687,4823
2850,1406
3544,2745
1293,800
2414,3552
2344,790
1719,3127
1258,1380
2959,4589
3215,1653
1542,4894
3296,1533
1500,2056
4276,5132
3718,2264
2438,1704
4641,4132
383,111
3258,4521
1918,3644
4735,3705
538,4287
5171,3243
1184,1945
1787,4529
1838,2145
3167,3130
4743,759
4785,3661
807,3955
1637,1031
1958,4303
1581,2451
4759,1532
4364,4403
649,1887
2205,1690
2205,2229
2061,4932
599,857
1816,2418
649,3289
1445,5130
1464,158
4200,2801
488,4811
1204,2936
4661,3356
3938,1397
5038,818
481,2824
455,2629
1548,4645
2478,4593
285,2506
1072,2863
246,4416
3875,3828
2082,1135
3772,4499
3713,4852
2705,2074
4267,1677
1776,5016
2487,1642
2057,3858
2487,1097
1021,1051
4931,3848
815,3510
724,375
2136,3810
4603,5126
1850,4302
4052,1361
3285,2633
804,3796
4122,3063
3074,873
5114,455
3834,2062
790,2018
1582,1906
2066,2179
3106,4324
3267,2653
4096,1551
2096,3937
726,3173
4596,593
11,480
2672,400
1486,229
3060,691
778,3551
2413,1661
4349,3607
4360,1421
4072,300
3052,2743
1883,3031
2800,2902
4538,2386
245,3352
2323,2636
2468,4735
636,2662
658,523
5071,5005
817,1280
990,3135
2317,527
4531,1598
2487,2920
104,1531
1005,1625
3133,3489
4450,4457
2758,346
3608,3467
3677,1335
2626,202
203,277
4264,344
1745,4641
2559,3593
777,429
4459,2723
3354,2154
788,3005
5049,107
1346,3819
1076,4782
4947,3457
1471,1258
1396,4445
2591,1594
5108,2271
5098,1604
2871,4526
648,2167
556,3564
2274,2115
5163,2215
1996,4487
3823,1812
4776,4952
288,1944
1472,1313
4079,3506
4817,1865
4213,1052
3832,2477
4427,3041
1587,3007
1472,573
1902,5062
4828,4550
932,4565
5180,408
3602,2097
721,951
5017,2063
1930,2187
2145,1326
3158,594
4321,1367
2414,4613
1699,2382
1620,4087
4997,1055
314,2159
3503,3960
4557,2292
2536,3902
3175,3426
3080,2835
2169,3676
5146,921
3176,3779
95,1286
2010,2580
562,1546
1253,1793
2487,1063
4895,3789
1990,3766
947,1015
293,4086
2699,2628
3407,4841
5036,4224
132,2782
4338,3316
1937,3429
492,3804
4633,4105
2998,4223
3450,2257
3660,3774
1792,307
3936,885
1990,4519
2408,2640
1107,2041
2147,4376
2538,762
727,3046
4889,2348
1236,3509
428,2580
3400,1033
1494,1439
306,3207
3061,55
4751,3414
1535,4095
3354,4576
1099,4626
1996,557
2844,4746
3968,607
4421,1158
4621,2539
3862,4092
763,115
3389,361
602,2822
1598,1765
3438,357
2953,2479
4314,2962
3135,3343
3419,4849
2794,1244
4300,773
1311,2695
3309,3468
3547,4283
4026,996
1620,1712
1989,1299
141,4000
3388,690
3688,3626
301,4039
2947,1716
2496,746
2766,1164
1268,4204
3854,4448
271,3011
4918,21
3584,1370
1767,4867
711,118
3409,298
3872,485
2589,462
3999,4917
4559,1942
1739,2964
3487,2951
102,1226
1780,1738
3603,4108
3397,1505
2240,1950
4587,558
3457,3029
3890,1266
3765,2766
2618,2881
4046,3517
3956,2499
3769,1318
1682,3931
3241,1979
1798,1680
171,4341
1777,2345
5024,1742
5170,3425
4213,4728
1619,5106
258,3232
28,2885
3110,2469
1272,657
2859,968
3956,4789
2061,1107
1907,1849
2903,2701
2893,3381
1395,354
4590,4497
1822,2559
64,2962
638,1089
3935,3334
2440,3448
3395,4363
1556,4858
4865,4265
4806,4812
4420,3042
355,3165
1148,2366
1263,4883
2086,5113
4427,4449
4962,3362
1731,4648
1393,4174
490,1688
3264,4195
1030,3525
2046,4059
285,3647
2389,3613
1844,2368
4694,3655
1219,2490
2910,66
430,4180
1367,2398
4120,3046
3307,2127
4493,2131
1266,2689
3446,1729
1521,1874
2889,994
3436,559
3067,3746
2425,4915
2132,4549
453,1456
3846,4865
5000,778
4925,2835
748,584
4167,4459
2426,195
2822,1930
3525,2423
932,4994
669,5138
4199,2847
3603,3548
1430,1584
3640,3885
4189,3430
4308,1029
2198,5189
1493,4411
2616,1005
1596,4814
1023,1410
5005,4289
4636,2199
2619,4983
13,2375
1441,3609
1658,825
2714,262
2125,1268
3578,98
2647,3275
2261,1196
1627,2416
3565,1079
567,627
2556,4899
2133,2991
2534,2290
4562,3097
4699,938
4570,2235
3271,2344
2957,1073
4884,3149
4515,1626
2757,2380
1430,720
4114,4687
4992,4686
3221,3349
1810,412
611,2057
4095,537
3912,3927
2748,2821
4195,3706
2953,56
2079,2886
3308,682
1073,5116
3391,2217
2944,4973
892,4068
1846,2652
4052,3846
4828,3379
2854,13
3105,2446
4478,4016
538,850
1838,2594
2066,4657
2776,3203
344,1118
1244,2010
498,434
2601,4774
1794,3405
4394,2685
4657,2583
3322,3145
3741,3555
4885,1852
1745,1325
4599,685
2905,5009
78,2762
4182,3440
4850,582
466,4985
4491,1390
280,1327
2283,4833
2089,1496
1212,997
1711,2344
1420,4197
1676,3632
4397,1475
549,3111
2386,3846
4648,5170
3976,3172
3468,4015
3316,4619
3092,1159
1273,2151
3067,4753
3573,1161
4887,1736
446,2768
3415,844
5129,4056
1506,2920
480,1925
1606,3325
5111,4985
3547,4415
4006,46
4385,2520
3425,631
929,659
131,2367
4950,2131
357,2295
4786,2489
4611,2567
333,483
847,451
2987,2789
4577,2442
3102,1498
3996,1830
2697,2130
3851,3288
3225,2511
1776,2313
1276,2694
2361,2621
4681,839
1532,1475
1342,3443
2144,3437
996,2599
203,910
1699,3603
1452,3447
2144,4290
2634,3825
3563,2026
4137,1997
5029,1432
703,544
3107,4710
2256,2373
2132,811
4739,951
3309,1051
3016,618
3416,273
702,4218
1248,1896
4803,1382
3711,2458
2751,1432
1749,2754
5096,89
4685,1800
4192,1974
3690,1214
3077,460
1192,2651
1165,4978
4123,2579
4642,2102
1591,1208
761,1914
3116,4728
4839,2928
1200,1403
367,4328
4923,3212
529,5045
352,4046
1528,5055
3808,4945
1803,1431
1450,4082
4806,4455
3282,3489
801,3597
3123,4053
81,3756
41,4643
3537,78
4355,1042
744,3128
1886,2935
2694,1079
4,1359
4740,3818
575,2110
4844,2410
4083,1718
4886,3946
2135,3678
2842,2664
1036,1930
4098,3832
4812,3062
4213,1321
2681,4870
1769,5091
3712,2745
1341,749
4607,4546
3685,3408
2450,1694
2715,2301
4361,3698
4720,1596
3962,1343
780,1361
3823,2747
3302,2552
1521,1685
102,2545
4165,2683
4438,731
62,779
3084,899
59,720
4593,4937
4458,3987
3805,2115
1500,5193
5088,3178
4040,2792
1426,3129
813,229
4572,303
199,2708
584,2401
1622,2900
3946,728
4175,4070
1919,2567
2324,1484
1584,3210
1493,456
1623,2547
4577,3036
2187,3826
2200,2140
2447,464
1689,2926
1919,2117
2582,1825
310,1660
2188,2923
4415,3850
942,255
4449,1439
4683,3732
814,747
1134,2524
2808,3847
1291,796
4245,4886
4177,906
1510,3205
1849,4852
4486,893
2955,446
4285,3150
368,2370
3533,1030
1902,4170
3731,300
249,114
1031,3960
1337,900
656,835
2216,3820
4286,4348
1546,3695
297,2243
2973,3164
3146,3408
1354,3407
3665,1607
5115,1850
1956,451
3133,1147
849,3108
1905,2320
469,2938
923,364
1967,862
1206,1386
3528,3529
4065,462
1786,3855
3529,870
604,2262
4880,4119
5058,4304
1224,702
417,3896
3707,3334
4494,1706
1345,3761
790,4792
3053,3773
4288,2235
3788,4729
2207,1822
5180,171
1406,1802
3196,3697
3155,510
3168,1333
1130,3009
503,1383
3570,455
2534,1258
3801,3925
3026,1056
3507,2126
3375,3082
5161,2475
4551,5128
3298,140
4508,2546
2720,1562
1521,2053
2700,1532
3672,3891
1134,4034
199,1689
457,4644
1319,2675
161,3127
2019,4212
1954,1209
1191,2293
3903,749
3734,111
4835,5196
4149,3264
2752,915
2074,542
2091,705
582,2061
1949,408
2053,4881
1537,309
892,3121
3670,3879
26,1971
3717,1564
3994,5083
300,2550
282,2220
2904,3427
2696,2882
4061,3391
2935,3275
1339,2776
5195,147
789,4471
450,148
3129,1148
1077,3200
452,1326
918,1126
2386,2316
2726,3279
4545,2879
859,1134
1415,783
1397,621
2525,363
856,3034
4921,937
3532,2081
1349,3811
4652,3738
5133,1867
2544,259
3494,2275
4303,781
1024,1503
1459,1550
1732,4927
4758,2166
3870,4651
2592,4754
631,4490
4703,3622
2148,2495
2979,2368
19,1056
3729,993
2307,4072
3772,2997
1679,2753
4969,751
4472,1102
2966,1725
2058,3039
1068,4338
2188,1859
3075,131
1302,4362
652,4932
3737,1223
3162,2318
4648,4002
169,1643
1083,1582
3556,3304
2773,2404
5141,2314
3526,473
1100,2789
2695,4803
1155,535
2552,2326
5066,5123
2745,892
2392,1832
177,4104
3246,1770
3785,149
4132,1710
4616,4678
483,2382
1428,5040
3117,445
3929,2707
4268,226
2649,440
965,2278
4094,4146
4199,2674
3386,4329
3014,5102
4711,1458
4625,2219
17,2328
1630,1139
5106,1848
1905,655
4876,1711
1828,147
672,882
1407,1072
2553,1364
4773,2966
1524,1064
3783,5160
4334,684
1541,4278
4241,4488
3602,4304
2593,4937
2698,4356
305,32
3593,140
666,2774
2180,3462
4968,4116
114,5099
2277,209
1809,2413
764,2985
1511,2804
5137,2001
1894,387
4710,2892
570,4015
951,1503
2210,1928
4059,4398
3780,3085
2690,4596
2541,3021
793,1883
2186,29
531,4103
1965,2
1871,4484
2132,1981
3509,377
4047,4826
4278,4531
3875,4802
2920,1564
4924,4536
3996,1738
4524,1550
1111,4445
2211,2846
1042,323
2638,3677
3815,5140
2084,4278
1864,3518
1392,4443
4967,2757
4621,3021
619,2701
315,193
1263,4345
3552,2790
30,2728
1609,4580
3996,1415
1372,151
4884,1355
1366,580
2656,4785
2951,2626
2325,3800
596,445
2963,2527
4953,816
851,3053
2487,2680
682,617
1549,2013
3500,4121
2651,3791
1465,4567
4257,2825
2845,3399
4305,990
2637,218
3609,802
3109,307
2830,2877
925,4905
4999,180
1947,1716
4950,4164
5188,4895
4376,3071
3303,4004
1274,3478
3721,2918
3003,2840
873,3423
2231,1192
1620,3963
4294,4929
348,1777
4354,3763
2215,433
4511,515
3904,247
4863,3077
4759,738
1719,4478
192,2848
4899,1774
1407,3916
3741,2263
2367,1989
4049,2233
2024,1339
2258,967
4212,1706
4271,4743
1981,4152
1162,413
2233,2222
1987,2305
3620,687
3491,4094
967,5094
2806,2914
3914,1590
5128,4537
465,3355
2001,2874
1404,391
1245,3754
1979,2000
720,4679
4537,2335
854,514
739,3296
1586,2923
4963,669
592,3557
117,3466
2459,1945
1327,5184
450,4153
11,4600
4312,2520
4717,3083
4609,226
349,4799
4143,3683
1260,2593
3058,3451
434,2587
977,4620
5061,3043
507,5113
750,118
1877,1925
546,3975
2854,2144
1778,1252
361,2646
3045,5074
817,1115
2556,3231
211,4813
2867,582
801,1123
4949,4381
3507,2301
2941,1708
71,1762
1464,1892
2611,1327
223,2522
4797,4727
1391,1237
706,3720
1177,1139
381,3234
4083,633
1489,2470
2251,283
3490,4722
2027,4942
939,5194
4897,4451
5137,2815
5153,2872
609,2382
1012,1842
5127,4726
2240,4322
4364,1755
241,4240
4012,1855
1574,4835
2050,4305
1979,1117
1214,3752
1330,1463
3738,1693
3596,2940
3825,3117
4509,2149
2234,4027
1006,2837
2807,3306
66,4437
3708,3091
2353,1619
3533,67
2296,3270
4095,4814
873,4291
871,2995
1695,4827
1042,606
4956,4723
2881,2529
4537,2409
4510,3447
405,3509
4980,3744
3363,3728
2018,1351
3254,4531
832,4985
4857,1928
4270,3052
608,522
2216,2957
4420,352
3123,4703
5174,1478
56,4418
4084,5112
1125,238
3559,3803
2114,3541
4979,1780
545,1964
5081,4699
2971,3839
2925,552
3542,2757
1834,4490
1030,4186
1629,5110
2080,886
2213,5013
1674,3823
4928,440
515,3455
2713,2149
716,3768
195,3730
1762,1426
219,3612
3121,898
4609,1203
2824,2531
4198,1782
4193,2768
95,4209
669,1422
3836,2824
4046,958
1763,4420
4184,1579
2349,2469
3462,2501
2322,1065

6,6,6,5.0
6,5,5,6.0
6,6,6,5.0
6,6,6,6.0
6,6,6,6.0
5,5,5,6.0
5,5,5,5.0
5,5,5,5.0
6,6,6,6.0
6,6,6,5.0
5,5,5,5.0
5,5,5,5.0
6,6,6,6.0
5,5,5,5.0
6,6,6,5.0
6,6,6,7.0
6,6,6,6.0
6,6,6,6.0
6,6,6,6.0
6,6,6,5.0
6,6,6,7.0
5,5,5,5.0
6,6,6,5.0
6,6,6,5.0
6,6,6,6.0
6,6,6,6.0
5,5,5,6.0
6,6,6,7.0
6,6,6,6.0
6,6,6,5.0
5,6,5,4.0
5,5,5,6.0
5,5,5,6.0
6,6,6,7.0
6,6,6,7.0
5,5,5,4.0
5,6,5,6.0
5,5,5,5.0
6,6,6,6.0
6,6,6,5.0
5,6,5,5.0
5,6,6,6.0
5,6,5,5.0
6,6,6,5.0
6,6,6,6.0
6,6,6,4.0
6,6,6,6.0
6,6,6,5.0
5,5,5,5.0
6,6,6,6.0
6,6,6,7.0
6,6,6,5.0
6,6,6,7.0
5,5,5,5.0
6,6,6,7.0
6,6,6,5.0
5,5,5,6.0
6,6,6,6.0
6,6,6,6.0
6,6,6,5.0
6,6,6,7.0
6,6,6,5.0
5,6,5,5.0
5,5,5,5.0
5,6,6,5.0
5,6,5,5.0
5,5,5,6.0
6,6,6,6.0
5,5,5,5.0
6,6,6,4.0
6,6,6,7.0
6,6,6,5.0
6,6,6,9.0
6,6,6,6.0
5,5,5,5.0
5,5,5,5.0
6,6,6,7.0
6,6,6,6.0
6,6,6,7.0
5,5,5,5.0
6,6,6,7.0
6,6,6,6.0
6,6,6,6.0
6,6,6,6.0
5,5,5,6.0
6,6,6,8.0
6,6,6,7.0
6,6,6,5.0
6,6,6,6.0
5,6,6,5.0
5,6,5,6.0
5,5,5,5.0
5,5,5,6.0
6,6,6,6.0
6,6,6,7.0
6,6,6,6.0
6,6,6,6.0
6,6,6,4.0
5,5,5,5.0
5,6,5,5.0
6,6,6,7.0
5,5,5,5.0
5,5,5,5.0
6,6,6,7.0
6,6,6,6.0
5,5,5,5.0
5,5,5,5.0
6,6,6,6.0
6,6,6,6.0
6,6,6,5.0
5,6,6,6.0
6,6,6,7.0
5,5,5,5.0
6,6,6,5.0
6,6,6,6.0
5,6,5,5.0
6,6,6,5.0
5,5,5,6.0
5,5,5,5.0
5,5,5,5.0
5,5,5,5.0
5,5,5,5.0
5,5,5,6.0
6,6,6,6.0
6,6,6,5.0
6,6,6,6.0
6,6,6,5.0
5,5,5,6.0
6,6,6,6.0
6,6,6,6.0
5,6,5,5.0
6,6,6,7.0
5,5,5,6.0
6,6,6,7.0
5,5,5,5.0
6,6,6,6.0
6,6,6,5.0
5,5,5,5.0
6,6,6,6.0
6,6,6,7.0
5,5,5,5.0
6,6,6,6.0
5,6,5,5.0
6,6,6,7.0
5,5,5,6.0
6,6,6,6.0
5,5,5,6.0
6,6,6,6.0
5,6,6,5.0
6,6,6,5.0
5,5,5,5.0
6,6,6,6.0
6,6,6,6.0
6,6,6,5.0
5,5,5,6.0
5,6,5,6.0
6,6,6,6.0
6,6,6,6.0
5,5,5,5.0
6,6,6,5.0
6,6,6,6.0
6,6,6,5.0
5,5,5,6.0
5,5,5,5.0
6,6,6,7.0
5,5,5,6.0
6,6,6,6.0
5,5,5,5.0
5,5,5,5.0
5,5,5,5.0
5,5,5,6.0
6,6,6,5.0
6,6,6,5.0
6,6,6,6.0
5,5,5,5.0
5,5,5,6.0
6,6,6,6.0
6,6,6,7.0
5,5,5,6.0
5,5,5,6.0
5,5,5,5.0
6,6,6,6.0
6,6,6,8.0
6,6,6,6.0
5,6,5,5.0
6,6,6,6.0
5,5,5,5.0
6,6,6,6.0
6,6,6,8.0
6,6,6,7.0
6,6,6,7.0
6,6,6,8.0
6,6,6,7.0
6,5,5,7.0
6,6,6,6.0
5,5,5,5.0
6,6,6,6.0
6,6,6,5.0
5,6,5,5.0
6,6,6,8.0
5,5,5,5.0
6,6,6,6.0
5,5,5,5.0
6,6,6,6.0
6,6,6,6.0
5,6,6,7.0
5,5,5,5.0
5,5,5,6.0
5,6,6,5.0
6,6,6,4.0
6,6,6,7.0
6,6,6,6.0
5,5,5,6.0
6,6,6,6.0
6,6,6,6.0
6,6,6,6.0
6,6,6,6.0
6,6,6,6.0
6,6,6,6.0
6,6,6,6.0
6,6,6,5.0
6,6,6,5.0
6,6,6,8.0
6,6,6,7.0
6,6,6,6.0
5,6,5,6.0
6,6,6,6.0
5,6,6,6.0
6,6,6,4.0
6,6,6,5.0
6,6,6,6.0
6,6,6,7.0
6,6,6,6.0
6,6,6,6.0
5,5,5,5.0
6,6,6,6.0
6,5,5,6.0
5,6,5,5.0
5,5,5,6.0
6,6,6,6.0
6,6,6,6.0
5,5,5,6.0
6,6,6,6.0
6,6,6,7.0
6,6,6,7.0
5,5,5,5.0
6,6,6,5.0
6,6,6,6.0
6,6,6,7.0
6,6,6,6.0
5,5,5,4.0
5,5,5,6.0
6,6,6,6.0
5,5,5,5.0
6,6,6,7.0
6,6,6,6.0
6,6,6,7.0
6,6,6,8.0
5,5,5,6.0
6,6,6,7.0
6,6,6,6.0
6,6,6,7.0
5,6,5,7.0
6,6,6,5.0
6,6,6,6.0
6,6,6,8.0
6,6,6,6.0
6,6,6,5.0
5,5,5,5.0
6,6,6,5.0
5,5,5,5.0
5,5,5,6.0
6,6,6,6.0
6,6,6,6.0
6,6,6,6.0
5,5,5,5.0
6,6,6,6.0
6,6,6,6.0
6,6,6,6.0
6,6,6,6.0
5,5,5,5.0
6,6,6,6.0
5,5,5,4.0
5,6,6,5.0
6,6,6,5.0
6,6,6,6.0
5,6,5,5.0
6,6,6,6.0
5,6,5,6.0
5,5,5,5.0
5,5,5,6.0
6,6,6,6.0
6,6,6,6.0
6,6,6,6.0
5,5,5,5.0
6,6,6,7.0
6,6,6,7.0
5,5,5,5.0
5,6,6,6.0
6,6,6,8.0
6,6,6,6.0
6,6,6,7.0
6,6,6,7.0
6,6,6,7.0
5,6,5,5.0
5,5,5,5.0
6,6,6,5.0
6,6,6,6.0
5,6,6,6.0
6,6,6,5.0
6,6,6,7.0
5,6,6,5.0
6,6,6,7.0
6,6,6,5.0
6,6,6,6.0
5,6,6,6.0
5,5,5,4.0
5,5,5,6.0
6,6,6,5.0
6,6,6,6.0
6,6,6,6.0
6,6,6,6.0
6,6,6,7.0
6,6,6,5.0
5,5,5,5.0
6,6,6,6.0
6,6,6,6.0
6,6,6,6.0
6,6,6,6.0
6,6,6,5.0
6,6,6,7.0
6,6,6,5.0
6,6,6,7.0
5,5,5,5.0
6,6,6,8.0
6,6,6,6.0
6,6,6,6.0
6,6,6,5.0
6,6,6,6.0
6,6,6,6.0
5,5,5,5.0
5,5,5,5.0
6,6,6,7.0
5,6,5,5.0
6,6,6,5.0
6,6,6,6.0
5,5,5,5.0
6,6,6,5.0
5,5,5,7.0
6,6,6,6.0
6,6,6,6.0
6,6,6,6.0
5,6,5,6.0
6,6,6,7.0
6,6,6,6.0
6,6,6,6.0
5,6,5,5.0
6,6,6,7.0
6,6,6,7.0
6,6,6,6.0
6,6,6,6.0
6,6,6,5.0
6,6,6,5.0
6,6,6,6.0
6,6,6,7.0
6,6,6,6.0
5,5,5,5.0
6,6,6,5.0
6,6,6,5.0
5,6,5,5.0
5,5,5,5.0
6,6,6,6.0
6,6,6,5.0
6,6,6,7.0
6,6,6,7.0
6,6,6,6.0
6,6,6,7.0
6,6,6,7.0
6,6,6,5.0
5,5,5,5.0
5,6,5,6.0
6,6,6,6.0
5,5,5,5.0
6,6,6,7.0
5,5,5,5.0
6,6,6,5.0
6,6,6,5.0
5,5,5,5.0
5,5,5,5.0
6,6,6,8.0
6,6,6,6.0
6,6,6,6.0
6,6,6,5.0
6,6,6,8.0
6,6,6,7.0
5,5,5,5.0
6,6,6,7.0
6,6,6,5.0
5,5,5,5.0
6,6,6,5.0
6,6,6,8.0
6,6,6,4.0
6,6,6,6.0
5,5,5,5.0
5,6,5,5.0
5,5,5,5.0
5,5,5,5.0
6,6,6,5.0
6,5,5,6.0
6,6,6,7.0
6,6,6,6.0
5,5,5,7.0
5,5,5,5.0
6,6,6,6.0
6,6,6,6.0
5,5,5,4.0
6,6,6,4.0
6,6,6,4.0
5,5,5,6.0
6,6,6,6.0
6,6,6,6.0
5,5,5,5.0
5,5,5,6.0
6,6,6,6.0
6,6,6,6.0
5,5,5,5.0
6,6,6,6.0
6,6,6,5.0
6,6,6,6.0
6,6,6,6.0
5,5,5,5.0
5,5,5,5.0
5,5,5,5.0
5,6,5,6.0
6,6,6,6.0
6,6,6,6.0
6,6,6,5.0
6,6,6,7.0
6,6,6,5.0
6,6,6,6.0
6,6,6,7.0
6,6,6,5.0
6,6,6,6.0
6,6,6,7.0
6,6,6,8.0
6,6,6,6.0
5,6,5,5.0
5,5,5,5.0
6,6,6,5.0
6,6,6,6.0
5,6,5,5.0
6,6,6,6.0
6,6,6,5.0
5,5,5,5.0
6,6,6,5.0
6,6,6,7.0
5,5,5,5.0
6,6,6,5.0
5,5,5,4.0
6,6,6,5.0
5,6,5,5.0
5,5,5,6.0
6,6,6,6.0
6,6,6,7.0
6,6,6,8.0
6,6,6,6.0
6,6,6,7.0
6,6,6,7.0
5,5,5,5.0
6,6,6,5.0
5,6,6,6.0
6,6,6,6.0
5,5,5,6.0
6,6,6,5.0
6,6,6,5.0
6,6,6,5.0
5,5,5,3.0
6,6,6,7.0
5,5,5,5.0
5,5,5,5.0
6,6,6,5.0
6,6,6,7.0
6,6,6,6.0
5,6,5,6.0
5,6,6,7.0
6,6,6,6.0
6,6,6,5.0
6,6,6,7.0
6,6,6,6.0
6,6,6,8.0
6,6,6,6.0
6,6,6,7.0
6,6,6,7.0
6,6,6,6.0
6,6,6,6.0
6,6,6,5.0
5,5,5,5.0
6,6,6,7.0
5,5,5,6.0
6,6,6,6.0
5,6,5,6.0
6,6,6,6.0
6,6,6,4.0
5,5,5,5.0
6,6,6,6.0
6,6,6,7.0
5,5,5,4.0
6,6,6,5.0
6,6,6,5.0
6,6,6,7.0
5,5,5,6.0
6,6,6,6.0
5,5,5,7.0
6,6,6,6.0
6,6,6,6.0
5,5,5,5.0
6,6,6,6.0
5,5,5,5.0
6,6,6,7.0
6,6,6,6.0
6,6,6,6.0
6,6,6,6.0
6,5,5,7.0
6,6,6,7.0
5,5,5,4.0
6,6,6,6.0
6,6,6,7.0
6,6,6,7.0
6,6,6,6.0
6,6,6,6.0
6,6,6,6.0
6,6,6,6.0
6,6,6,7.0
5,5,5,5.0
6,6,6,6.0
6,6,6,7.0
6,6,6,6.0
6,6,6,6.0
6,6,6,6.0
5,5,5,5.0
5,5,5,4.0
6,6,6,7.0
5,6,5,5.0
6,6,6,6.0
6,6,6,6.0
6,6,6,5.0
6,6,6,5.0
6,6,6,6.0
6,6,6,5.0
6,6,6,8.0
6,6,6,8.0
5,5,5,6.0
6,6,6,5.0
6,6,6,6.0
6,6,6,6.0
6,6,6,5.0
6,6,6,7.0
5,5,5,6.0
6,6,6,7.0
5,5,5,5.0
6,6,6,5.0
6,6,6,6.0
6,5,5,6.0
5,5,5,6.0
6,6,6,7.0
6,6,6,7.0
5,5,5,5.0
5,6,5,5.0
5,5,5,5.0
5,5,5,4.0
5,6,6,6.0
6,6,6,7.0
6,6,6,6.0
6,6,6,7.0
5,5,5,5.0
5,5,5,6.0
5,5,5,5.0
5,6,5,6.0
5,5,5,6.0
5,5,5,5.0
5,5,5,5.0
6,6,6,4.0
6,6,6,6.0
5,5,5,5.0
6,6,6,7.0
5,6,5,6.0
6,6,6,6.0
6,6,6,6.0
5,6,5,6.0
6,6,6,7.0
6,5,5,5.0
6,6,6,6.0
6,6,6,6.0
6,6,6,6.0
5,5,5,5.0
5,5,5,5.0
5,5,5,5.0
6,6,6,6.0
6,6,6,4.0
5,6,5,3.0
6,6,6,7.0
6,6,6,8.0
5,5,5,5.0
5,5,5,6.0
6,6,6,6.0
5,6,5,5.0
6,6,6,6.0
6,6,6,6.0
6,6,6,6.0
6,6,6,8.0
5,5,5,6.0
6,6,6,6.0
5,5,5,5.0
6,6,6,7.0
6,5,5,6.0
5,5,5,6.0
5,6,6,6.0
6,6,6,6.0
6,6,6,5.0
6,6,6,6.0
6,6,6,6.0
5,6,5,5.0
6,6,6,6.0
5,5,5,5.0
6,6,6,6.0
6,6,6,5.0
5,5,5,6.0
6,6,6,7.0
5,5,5,5.0
6,6,6,7.0
6,6,6,6.0
6,6,6,5.0
6,6,6,4.0
6,6,6,7.0
6,6,6,6.0
5,5,5,5.0
6,5,5,5.0
6,6,6,7.0
6,6,6,5.0
6,6,6,6.0
6,6,6,6.0
6,6,6,6.0
6,6,6,6.0
5,5,5,6.0
6,6,6,7.0
6,6,6,4.0
6,6,6,6.0
5,5,5,5.0
6,6,6,6.0
5,5,5,5.0
5,5,5,4.0
6,6,6,7.0
5,5,5,5.0
6,6,6,6.0
6,6,6,6.0
6,6,6,7.0
5,6,6,6.0
5,5,5,6.0
6,6,6,6.0
6,6,6,6.0
5,5,5,6.0
5,5,5,6.0
6,6,6,6.0
6,6,6,6.0
5,6,5,6.0
6,6,6,6.0
5,6,5,6.0
5,6,5,5.0
6,6,6,8.0
6,6,6,5.0
6,6,6,6.0
6,6,6,6.0
6,6,6,7.0
5,5,5,5.0
6,6,6,6.0
5,5,5,7.0
6,6,6,6.0
5,5,5,6.0
5,5,5,5.0
6,6,6,6.0
6,6,6,6.0
6,6,6,8.0
6,6,6,7.0
5,6,5,6.0
5,5,5,5.0
6,6,6,5.0
6,6,6,6.0
5,5,5,8.0
6,6,6,6.0
6,6,6,7.0
6,6,6,7.0
6,6,6,6.0
6,6,6,6.0
6,6,6,7.0
6,6,6,5.0
6,6,6,7.0
5,5,5,6.0
5,5,5,6.0
5,5,5,6.0
5,5,5,5.0
5,5,5,5.0
6,6,6,6.0
5,6,5,6.0
6,6,6,7.0
6,6,6,5.0
6,6,6,7.0
5,5,5,5.0
5,6,5,5.0
6,6,6,7.0
6,6,6,5.0
6,6,6,6.0
5,6,6,5.0
6,6,6,6.0
5,5,5,5.0
6,6,6,5.0
6,6,6,7.0
5,5,5,6.0
6,6,6,7.0
5,5,5,5.0
5,6,5,5.0
5,6,5,5.0
6,6,6,6.0
6,6,6,6.0
6,6,6,7.0
6,6,6,7.0
6,6,6,6.0
5,5,5,5.0
6,6,6,5.0
5,5,5,6.0
5,5,5,6.0
5,6,5,4.0
6,6,6,6.0
6,6,6,5.0
6,6,6,6.0
5,5,5,5.0
6,6,6,7.0
5,6,5,5.0
6,6,6,7.0
5,5,5,5.0
5,5,5,7.0
6,6,6,7.0
5,5,5,5.0
6,6,6,6.0
5,5,5,6.0
6,6,6,7.0
5,5,5,5.0
5,6,5,5.0
6,6,6,5.0
5,5,5,6.0
6,6,6,6.0
6,6,6,6.0
6,6,6,6.0
6,6,6,6.0
6,6,6,6.0
5,5,5,6.0
6,6,6,7.0
5,5,5,6.0
6,6,6,6.0
6,5,5,6.0
6,6,6,5.0
6,6,6,6.0
6,6,6,6.0
5,5,5,5.0
6,6,6,6.0
5,5,5,5.0
6,6,6,8.0
5,5,5,5.0
6,6,6,6.0
6,6,6,6.0
5,5,5,6.0
5,6,5,5.0
5,5,5,5.0
6,6,6,6.0
5,5,5,6.0
5,5,5,5.0
5,5,5,4.0
6,6,6,6.0
5,6,5,6.0
6,6,6,6.0
5,5,5,6.0
5,5,5,6.0
5,6,5,5.0
6,6,6,7.0
6,6,6,7.0
6,6,6,7.0
5,5,5,5.0
6,6,6,6.0
6,6,6,6.0
6,6,6,5.0
6,6,6,6.0
6,6,6,7.0
5,5,5,6.0
6,6,6,6.0
6,6,6,7.0
6,6,6,7.0
5,5,5,5.0
5,5,5,6.0
6,6,6,5.0
5,5,5,5.0
5,6,5,6.0
6,6,6,7.0
5,5,5,6.0
5,6,5,5.0
6,6,6,3.0
5,6,5,5.0
6,6,6,6.0
6,6,6,6.0
6,6,6,7.0
6,6,6,6.0
6,6,6,6.0
6,6,6,7.0
6,6,6,7.0
6,6,6,5.0
5,6,5,6.0
6,6,6,7.0
5,6,5,6.0
5,5,5,5.0
5,5,5,6.0
5,5,5,6.0
5,5,5,6.0
6,6,6,7.0
5,5,5,5.0
6,6,6,6.0
5,6,5,6.0
5,6,5,6.0
5,5,5,5.0
6,6,6,5.0
6,6,6,6.0
6,6,6,6.0
6,6,6,7.0
5,5,5,5.0
6,6,6,7.0
6,6,6,5.0
5,5,5,6.0
5,5,5,5.0
5,5,5,5.0
5,5,5,5.0
5,5,5,6.0
5,6,5,6.0
6,6,6,5.0
6,6,6,5.0
6,6,6,6.0
5,6,6,7.0
6,6,6,7.0
6,6,6,6.0
5,5,5,6.0
6,6,6,6.0
5,5,5,5.0
5,5,5,5.0
6,6,6,6.0
6,6,6,7.0
5,5,5,6.0
5,5,5,5.0
6,6,6,5.0
5,5,5,6.0
5,5,5,5.0
5,6,6,7.0
5,5,5,5.0
6,6,6,5.0
6,6,6,7.0
6,6,6,6.0
6,5,5,6.0
5,5,5,4.0
6,5,5,5.0
6,6,6,6.0
6,6,6,6.0
5,6,5,5.0
6,6,6,6.0
6,6,6,5.0
5,5,5,5.0
5,5,5,5.0
6,6,6,6.0
6,6,6,6.0
6,6,6,5.0
6,6,6,6.0
6,6,6,7.0
5,5,5,6.0
6,6,6,6.0
6,6,6,6.0
5,5,5,6.0
6,6,6,6.0
5,5,5,6.0
6,6,6,6.0
5,5,5,5.0
6,6,6,7.0
6,6,6,6.0
6,6,6,7.0
6,6,6,6.0
6,6,6,7.0
6,6,6,7.0
6,6,6,7.0
6,6,6,7.0
6,6,6,5.0
6,6,6,6.0
6,6,6,6.0
6,6,6,7.0
5,6,5,6.0
6,6,6,5.0
6,6,6,8.0
6,6,6,6.0
6,6,6,7.0
5,5,5,5.0
5,5,5,5.0
6,6,6,7.0
5,5,5,6.0
5,5,5,5.0
6,6,6,7.0
6,6,6,6.0
5,5,5,5.0
6,6,6,6.0
5,6,5,5.0
6,6,6,6.0
5,5,5,5.0
6,6,6,6.0
5,5,5,5.0
5,5,5,5.0
5,5,5,7.0
6,6,6,7.0
5,6,5,6.0
6,6,6,5.0
6,6,6,6.0
5,6,5,5.0
5,6,5,4.0
6,6,6,5.0
6,5,5,5.0
6,6,6,7.0
6,6,6,6.0
6,6,6,5.0
6,6,6,6.0
6,6,6,5.0
5,6,5,5.0
6,6,6,8.0
6,6,6,6.0
6,6,6,6.0
6,6,6,6.0
6,6,6,5.0
6,6,6,5.0
6,6,6,5.0
6,6,6,7.0
5,5,5,5.0
6,6,6,7.0
6,6,6,6.0
6,6,6,5.0
5,6,5,6.0
6,6,6,8.0
6,6,6,6.0
6,6,6,7.0
6,6,6,7.0
6,6,6,7.0
6,6,6,5.0
6,6,6,5.0
6,6,6,6.0
6,6,6,7.0
6,6,6,6.0
5,5,5,6.0
6,6,6,6.0
5,5,5,5.0
5,5,5,5.0
5,5,5,4.0
6,5,5,5.0
6,6,6,6.0
6,6,6,6.0
6,6,6,6.0
6,6,6,6.0
5,5,5,5.0
5,5,5,5.0
6,6,6,6.0
6,6,6,7.0
5,5,5,5.0
6,6,6,7.0
6,6,6,7.0
6,6,6,6.0
6,6,6,6.0
5,6,6,5.0
6,6,6,6.0
6,6,6,7.0
5,6,5,6.0
5,5,5,6.0
5,5,5,6.0
6,6,6,6.0
5,5,5,6.0
6,6,6,6.0
5,5,5,5.0
6,6,6,8.0
6,6,6,6.0
6,6,6,5.0
6,6,6,7.0
5,5,5,5.0
5,5,5,5.0
5,5,5,6.0
6,6,6,4.0
6,6,6,6.0
6,6,6,5.0
6,6,6,7.0
5,5,5,5.0
6,6,6,6.0
6,6,6,7.0
6,6,6,7.0
5,5,5,5.0
6,6,6,6.0
5,6,5,7.0
6,6,6,6.0
6,6,6,5.0
6,6,6,6.0
6,6,6,5.0
6,6,6,5.0
6,6,6,6.0
6,5,5,6.0
6,6,6,6.0
6,6,6,6.0
6,6,6,6.0
6,6,6,3.0
6,6,6,7.0
5,5,5,5.0
5,5,5,5.0
6,6,6,5.0
6,6,6,6.0
6,6,6,6.0
5,5,5,5.0
5,5,5,6.0
5,5,5,5.0
6,6,6,6.0
5,5,5,6.0
6,6,6,7.0
6,6,6,8.0
6,6,6,7.0
5,6,5,5.0
6,6,6,5.0
6,6,6,6.0
6,6,6,6.0
6,6,6,6.0
6,6,6,5.0
6,6,6,6.0
5,5,5,5.0
5,5,5,4.0
6,6,6,5.0
6,6,6,6.0
6,6,6,7.0
5,6,5,6.0
5,5,5,5.0
6,6,6,6.0
5,5,5,5.0
5,5,5,5.0
6,6,6,6.0
5,6,5,6.0
5,5,5,6.0
5,5,5,5.0
5,5,5,5.0
6,6,6,7.0
6,6,6,5.0
6,6,6,6.0
5,5,5,5.0
5,5,5,6.0
6,6,6,5.0
6,6,6,4.0
6,6,6,7.0
6,6,6,6.0
5,6,5,6.0
6,6,6,7.0
5,5,5,5.0
6,6,6,6.0
6,6,6,6.0
6,6,6,6.0
6,6,6,6.0
6,6,6,6.0
6,6,6,6.0
5,5,5,6.0
5,5,5,4.0
6,6,6,6.0
6,6,6,7.0
5,5,5,5.0
6,6,6,8.0
6,6,6,7.0
5,5,5,4.0
6,6,6,6.0
6,6,6,6.0
6,6,6,7.0
5,5,5,7.0
5,5,5,5.0
6,6,6,6.0
6,6,6,6.0
6,6,6,6.0
6,6,6,6.0
6,6,6,6.0
6,6,6,6.0
5,5,5,5.0
6,6,6,7.0
6,6,6,5.0
6,6,6,6.0
6,6,6,8.0
6,6,6,6.0
6,6,6,6.0
6,6,6,4.0
6,6,6,6.0
6,6,6,6.0
5,5,5,5.0
6,6,6,7.0
6,6,6,6.0
5,5,5,5.0
6,6,6,5.0
5,5,5,6.0
5,5,5,5.0
6,6,6,6.0
6,6,6,6.0
6,6,6,6.0
5,5,5,6.0
5,6,5,6.0
6,6,6,5.0
5,5,5,6.0
6,6,6,6.0
5,5,5,6.0
6,6,6,7.0
5,5,5,5.0
6,6,6,5.0
6,6,6,6.0
6,6,6,6.0
5,5,5,5.0
5,6,5,6.0
6,6,6,6.0
5,5,5,5.0
6,6,6,7.0
6,6,6,5.0
6,6,6,6.0
6,6,6,6.0
6,6,6,7.0
5,5,5,7.0
5,6,6,6.0
5,5,5,5.0
6,6,6,5.0
6,6,6,6.0
6,6,6,6.0
5,5,5,5.0
6,6,6,6.0
6,6,6,6.0
5,5,5,6.0
6,6,6,6.0
6,6,6,5.0
6,6,6,7.0
5,6,6,7.0
6,6,6,6.0
5,5,5,5.0
6,5,5,6.0
6,6,6,8.0
6,6,6,6.0
6,6,6,6.0
6,6,6,6.0
6,6,6,6.0
6,6,6,5.0
5,5,5,6.0
6,6,6,7.0
6,6,6,5.0
5,5,5,6.0
6,6,6,5.0
5,5,5,5.0
6,6,6,4.0
5,5,5,5.0
5,5,5,5.0
6,6,6,5.0
6,6,6,7.0
5,6,5,7.0
5,5,5,5.0
5,5,5,4.0
6,6,6,6.0
6,6,6,6.0
6,6,6,5.0
6,6,6,5.0
6,6,6,6.0
6,6,6,6.0
6,6,6,6.0
6,6,6,8.0
6,6,6,5.0
5,6,5,6.0
6,6,6,4.0
5,6,5,6.0
5,5,5,6.0
6,6,6,8.0
6,5,5,5.0
6,6,6,7.0
5,6,5,6.0
6,6,6,6.0
5,5,5,5.0
5,6,5,5.0
5,6,5,6.0
6,6,6,6.0
5,5,5,6.0
6,6,6,7.0
6,6,6,6.0
5,6,6,8.0
6,6,6,7.0
6,6,6,6.0
5,5,5,5.0
6,6,6,6.0
5,5,5,6.0
6,6,6,5.0
6,6,6,6.0
6,6,6,6.0
5,6,5,5.0
6,6,6,5.0
6,6,6,6.0
6,6,6,6.0
5,5,5,5.0
6,6,6,7.0
6,6,6,7.0
6,6,6,5.0
5,5,5,6.0
6,6,6,6.0
6,6,6,6.0
5,6,6,5.0
5,6,5,6.0
6,5,5,3.0
5,6,5,5.0
6,6,6,6.0
6,6,6,5.0
6,6,6,6.0
6,6,6,7.0
6,6,6,7.0
6,6,6,6.0
6,6,6,7.0
5,6,5,5.0
6,6,6,6.0
6,6,6,8.0
6,6,6,7.0
6,6,6,6.0
6,6,6,6.0
5,5,5,5.0
6,6,6,6.0
5,5,5,4.0
5,5,5,5.0
6,6,6,3.0
5,5,5,6.0
6,6,6,5.0
6,6,6,5.0
5,5,5,5.0
6,6,6,7.0
6,6,6,6.0
6,6,6,7.0
5,6,5,6.0
6,6,6,6.0
6,6,6,7.0
5,6,5,5.0
5,5,5,5.0
6,6,6,5.0
5,5,5,6.0
6,6,6,6.0
6,6,6,6.0
5,5,5,5.0
5,5,5,5.0
6,6,6,6.0
5,5,5,5.0
6,6,6,7.0
6,6,6,7.0
6,6,6,7.0
6,5,5,5.0
6,6,6,6.0
5,5,5,5.0
6,5,5,6.0
6,6,6,7.0
6,5,5,5.0
5,5,5,4.0
5,5,5,5.0
5,5,5,5.0
5,5,5,5.0
5,6,6,5.0
6,6,6,8.0
6,6,6,6.0
6,6,6,6.0
5,6,6,8.0
6,6,6,6.0
5,5,5,5.0
6,6,6,5.0
6,6,6,5.0
6,6,6,5.0
6,6,6,7.0
6,6,6,7.0
5,5,5,6.0
5,6,5,5.0
5,5,5,4.0
5,5,5,5.0
5,5,5,6.0
6,6,6,7.0
6,6,6,6.0
5,5,5,5.0
5,6,5,4.0
6,6,6,6.0
6,6,6,6.0
6,6,6,5.0
6,6,6,6.0
6,6,6,8.0
6,6,6,6.0
6,6,6,6.0
5,5,5,5.0
6,6,6,6.0
6,6,6,6.0
6,6,6,6.0
6,6,6,6.0
6,6,6,6.0
6,5,5,5.0
5,5,5,5.0
6,6,6,6.0
6,6,6,6.0

0.5192307692307693
