1 147.161186065839 180 72
2 142.447182438753 184 68
3 142.537520453149 183 69
4 142.567639940267 186 66
5 142.574627803688 186 66
6 142.576271754273 186 66
7 142.576682808603 186 66
8 142.576793687713 186 66
9 142.576825998719 186 66
10 142.576836068053 186 66
11 142.576839369492 186 66
12 142.576840489927 186 66
13 142.576840878532 186 66
14 142.576841015083 186 66
15 142.576841063432 186 66
16 142.576841080625 186 66
17 142.576841086754 186 66
18 142.576841088942 186 66
19 142.576841089723 186 66
20 142.576841090003 186 66
0.540083086253 1 1
0.494889114695 0 0
0.434164675085 0 0
0.212685121290 0 1
0.396188636925 0 0
0.865474126640 1 1
0.161982037449 0 0
0.175297089056 0 0
0.693650414121 1 1
0.791815967930 1 0
0.160437180064 0 1
0.836693745683 1 1
0.232895745720 0 0
0.149900418051 0 0
0.134898058898 0 0
0.175639677943 0 0
0.150972667595 0 0
0.496343711914 0 0
0.515788828249 1 1
0.932724332022 1 1
0.293787048921 0 1
0.245821348337 0 0
0.171367906333 0 1
0.360749006699 0 1
0.863935011926 1 1
0.547555212783 1 0
0.210080435866 0 0
0.496459571188 0 1
0.988734324370 1 1
0.861639824112 1 1
0.158837476023 0 0
0.803696830363 1 1
0.673291065138 1 0
0.349579859827 0 0
0.157142619043 0 0
0.776017497305 1 1
0.153290818241 0 0
0.224240985828 0 0
0.158403195748 0 0
0.780469324899 1 1
0.469730284539 0 1
0.182906344553 0 0
0.141998403737 0 0
0.202005585225 0 0
0.920436122497 1 1
35 10
0.722222222222
