1 147.236615932271 181 71
2 142.449508380784 184 68
3 142.537811508435 183 69
4 142.567672246834 186 66
5 142.574628640438 186 66
6 142.576270333810 186 66
7 142.576682008548 186 66
8 142.576793349726 186 66
9 142.576825868312 186 66
10 142.576836019618 186 66
11 142.576839351825 186 66
12 142.576840483542 186 66
13 142.576840876236 186 66
14 142.576841014260 186 66
15 142.576841063136 186 66
16 142.576841080519 186 66
17 142.576841086716 186 66
18 142.576841088928 186 66
19 142.576841089718 186 66
20 142.576841090001 186 66
0.540083086252 1 1
0.494889114695 0 0
0.434164675085 0 0
0.212685121290 0 1
0.396188636924 0 0
0.865474126639 1 1
0.161982037449 0 0
0.175297089056 0 0
0.693650414120 1 1
0.791815967929 1 0
0.160437180065 0 1
0.836693745682 1 1
0.232895745720 0 0
0.149900418052 0 0
0.134898058898 0 0
0.175639677943 0 0
0.150972667595 0 0
0.496343711915 0 0
0.515788828248 1 1
0.932724332023 1 1
0.293787048921 0 1
0.245821348338 0 0
0.171367906334 0 1
0.360749006700 0 1
0.863935011926 1 1
0.547555212784 1 0
0.210080435866 0 0
0.496459571189 0 1
0.988734324370 1 1
0.861639824112 1 1
0.158837476024 0 0
0.803696830363 1 1
0.673291065137 1 0
0.349579859828 0 0
0.157142619043 0 0
0.776017497305 1 1
0.153290818241 0 0
0.224240985827 0 0
0.158403195748 0 0
0.780469324900 1 1
0.469730284539 0 1
0.182906344553 0 0
0.141998403737 0 0
0.202005585225 0 0
0.920436122497 1 1
35 10
0.722222222222
