1 0.646265560166 0.633555420957
2 0.648626231208 0.633171912833
3 0.648833592535 0.632788868724
4 0.648973667842 0.633998790079
5 0.649253731343 0.633998790079
6 0.649321032445 0.633998790079
7 0.649321032445 0.633171912833
8 0.649113714108 0.633171912833
9 0.649113714108 0.633171912833
10 0.649113714108 0.632344033919
11 0.649253731343 0.632344033919
12 0.649253731343 0.632344033919
13 0.649253731343 0.632344033919
14 0.649253731343 0.632344033919
15 0.649253731343 0.632344033919
16 0.649253731343 0.632344033919
17 0.649253731343 0.632344033919
18 0.649253731343 0.632344033919
19 0.649253731343 0.632344033919
20 0.649253731343 0.632344033919
21 0.649253731343 0.632344033919
22 0.649253731343 0.632344033919
23 0.649253731343 0.632344033919
24 0.649253731343 0.632344033919
25 0.649253731343 0.632344033919
26 0.649253731343 0.632344033919
27 0.649253731343 0.632344033919
28 0.649253731343 0.632344033919
29 0.649253731343 0.632344033919
30 0.649253731343 0.632344033919
