1 0.652547452547 0.626760563380
2 0.675224123879 0.657957244656
3 0.701543561587 0.691387559809
4 0.717265592730 0.704613541043
5 0.725245499182 0.720902612827
6 0.732468585326 0.728562980485
7 0.736270368135 0.729841082990
8 0.739457077031 0.736596736597
9 0.744548909782 0.739789964994
10 0.751700680272 0.740784084260
11 0.756891729924 0.743724460012
12 0.759465922678 0.746945898778
13 0.763372439849 0.749854904237
14 0.767275615568 0.752750434279
15 0.768559817623 0.753036437247
16 0.770250222530 0.751445086705
17 0.771160493827 0.754041570439
18 0.772722786934 0.753890489914
19 0.773824775796 0.753022452504
20 0.774790743476 0.754022988506
21 0.776280853575 0.755733944954
22 0.777406679764 0.757281553398
23 0.778932914869 0.757834757835
24 0.779498235986 0.758110415481
25 0.780268180484 0.760659465605
26 0.779962821642 0.762769580023
27 0.779724043448 0.763038548753
28 0.779256360078 0.765138653084
29 0.779982406412 0.764705882353
30 0.780611746311 0.764273600904
